prompt_tokens,generation_tokens,ttft,generation_time,user_id,question_id,launch_time,finish_time
3073.0,15.0,0.10699677467346191,0.11428618431091309,21,1,1756653846.686574,1756653846.9078574
3113.0,8.0,0.03552389144897461,0.06470727920532227,21,2,1756653847.5961566,1756653847.6963882
3159.0,30.0,0.03587651252746582,0.3022761344909668,21,3,1756653848.5039363,1756653848.8420892
3307.0,46.0,0.10581660270690918,0.4734327793121338,21,4,1756653849.4099379,1756653849.9891882
3415.0,76.0,0.03976750373840332,0.8423352241516113,21,5,1756653850.3230858,1756653851.2051892
3069.0,115.0,0.09907722473144531,0.9901869297027588,18,1,1756653845.4801002,1756653846.5693648
3200.0,12.0,0.03148603439331055,0.08914351463317871,18,2,1756653846.5856965,1756653846.7063265
3225.0,130.0,0.07775068283081055,1.3389277458190918,18,3,1756653847.4985971,1756653848.9152758
3371.0,10.0,0.046533823013305664,0.08396315574645996,18,4,1756653849.007356,1756653849.1378531
3403.0,133.0,0.05542778968811035,1.4396355152130127,18,5,1756653849.9199922,1756653851.4150572
3059.0,179.0,2.0399386882781982,6.740091800689697,2,1,1756653843.0695047,1756653851.8495357
3059.0,193.0,2.6811254024505615,6.519739389419556,3,1,1756653843.3710449,1756653852.5719101
3067.0,103.0,1.7793152332305908,1.4732329845428467,14,1,1756653843.8738115,1756653847.1263604
3227.0,128.0,0.10873842239379883,1.2961845397949219,14,2,1756653847.1913388,1756653848.5962622
3380.0,108.0,0.03730511665344238,1.0954952239990234,14,3,1756653848.6045127,1756653849.7373135
3538.0,131.0,0.04515361785888672,1.417698860168457,14,4,1756653849.8186522,1756653851.2815046
3704.0,137.0,0.05654263496398926,1.5851404666900635,14,5,1756653851.334592,1756653852.9762757
3069.0,223.0,1.0822978019714355,5.60102653503418,4,1,1756653842.8684409,1756653849.5517652
3304.0,300.0,0.13199830055236816,3.335803747177124,4,2,1756653849.6157565,1756653853.0835586
3063.0,51.0,3.060215711593628,1.2046501636505127,8,1,1756653843.3722706,1756653847.637137
3139.0,300.0,0.12408304214477539,3.0974228382110596,8,2,1756653847.6968389,1756653850.9183452
3459.0,300.0,0.0385584831237793,3.5599637031555176,8,3,1756653850.9296377,1756653854.52816
3093.0,235.0,2.549337863922119,7.558084726333618,10,1,1756653843.1712487,1756653853.278672
3566.0,77.0,0.34713077545166016,1.5538921356201172,10,2,1756653853.3702312,1756653855.2712545
3923.0,51.0,0.18939661979675293,0.6645913124084473,10,3,1756653855.3217008,1756653856.175689
4181.0,10.0,0.0677342414855957,0.10645580291748047,10,4,1756653856.234469,1756653856.4086595
3168.0,244.0,1.7330718040466309,8.284432649612427,7,1,1756653843.0705435,1756653853.088048
3427.0,162.0,0.182572603225708,1.946427345275879,7,2,1756653853.1617982,1756653855.2907987
3645.0,84.0,0.07609987258911133,1.1128532886505127,7,3,1756653855.3199947,1756653856.5089486
3065.0,89.0,0.1161036491394043,0.727308988571167,16,1,1756653844.6770532,1756653845.520466
3185.0,47.0,0.6081864833831787,0.5812060832977295,16,2,1756653845.580439,1756653846.7698324
3279.0,300.0,0.0371699333190918,4.776737689971924,16,3,1756653846.787138,1756653851.601047
3715.0,300.0,0.10022592544555664,3.567641258239746,16,4,1756653851.6377707,1756653855.3056383
4034.0,79.0,0.07094430923461914,1.0496857166290283,16,5,1756653855.3231404,1756653856.443771
3085.0,300.0,0.10267400741577148,2.723893165588379,17,1,1756653845.0786247,1756653847.9051924
3420.0,300.0,0.04181957244873047,3.084580183029175,17,2,1756653847.9985416,1756653851.1249418
3753.0,247.0,0.05420255661010742,2.9287092685699463,17,3,1756653851.1325395,1756653854.1154518
4039.0,67.0,0.04316401481628418,0.7837545871734619,17,4,1756653854.1825345,1756653855.0094535
4135.0,144.0,0.05722618103027344,1.8530032634735107,17,5,1756653855.0177422,1756653856.9279718
3068.0,21.0,0.14453458786010742,0.2197129726409912,34,1,1756653851.9427063,1756653852.3069541
3116.0,21.0,0.050020694732666016,0.22557592391967773,34,2,1756653852.8559964,1756653853.1315935
3241.0,48.0,0.06676816940307617,0.6794822216033936,34,3,1756653853.7815955,1756653854.5278459
3322.0,7.0,0.04523968696594238,0.07202386856079102,34,4,1756653854.7137175,1756653854.8309817
3544.0,110.0,0.07196402549743652,1.3826923370361328,34,5,1756653855.6269233,1756653857.0815804
3058.0,261.0,2.2444980144500732,8.31224274635315,5,1,1756653843.1701415,1756653853.7268836
3390.0,300.0,0.18499994277954102,3.758793592453003,5,2,1756653853.772397,1756653857.7161906
3087.0,174.0,0.19698667526245117,1.3884706497192383,15,1,1756653844.275579,1756653845.8610365
3342.0,273.0,0.06946253776550293,2.6094911098480225,15,2,1756653845.8814585,1756653848.5604126
3658.0,137.0,0.5772140026092529,2.3060998916625977,15,3,1756653848.606189,1756653851.4895031
3927.0,175.0,0.07219457626342773,2.068558931350708,15,4,1756653851.5370421,1756653853.6777961
4127.0,134.0,1.2710857391357422,3.0163230895996094,15,5,1756653853.7793531,1756653858.0667622
3067.0,91.0,1.3328135013580322,3.202523708343506,9,1,1756653842.8695543,1756653847.4048922
3172.0,294.0,0.13611507415771484,3.018033742904663,9,2,1756653847.497192,1756653850.6513412
3498.0,300.0,0.048606157302856445,3.519622325897217,9,3,1756653850.7278144,1756653854.2960436
3827.0,300.0,0.15539288520812988,3.7789437770843506,9,4,1756653854.383521,1756653858.3178577
3088.0,124.0,0.1300947666168213,1.2026565074920654,25,1,1756653848.302546,1756653849.6352975
3249.0,117.0,0.04019975662231445,1.241736888885498,25,2,1756653849.7198923,1756653851.0018294
3386.0,134.0,0.7607522010803223,2.733691692352295,25,3,1756653851.0335565,1756653854.5280004
3549.0,107.0,0.2329409122467041,2.128401517868042,25,4,1756653854.6077409,1756653856.9690833
3704.0,127.0,0.05269122123718262,1.606297254562378,25,5,1756653857.0509539,1756653858.7099426
3063.0,300.0,3.4995546340942383,8.700449228286743,6,1,1756653843.4718418,1756653855.671846
3378.0,231.0,0.1944272518157959,2.929670572280884,6,2,1756653855.7244656,1756653858.8485637
3068.0,129.0,0.11673903465270996,1.3007380962371826,26,1,1756653848.7062337,1756653850.1237116
3213.0,144.0,0.03816962242126465,1.611232042312622,26,2,1756653850.2238936,1756653851.8732958
3375.0,84.0,0.08206486701965332,0.9546029567718506,26,3,1756653851.939474,1756653852.9761424
3484.0,185.0,0.04554414749145508,2.2530109882354736,26,4,1756653853.0598392,1756653855.3583949
3704.0,300.0,0.0892176628112793,3.7689614295959473,26,5,1756653855.4203835,1756653859.2785628
3080.0,300.0,0.11691546440124512,2.8788504600524902,19,1,1756653845.8829591,1756653848.8787253
3403.0,193.0,0.036301374435424805,2.018795967102051,19,2,1756653848.906585,1756653850.9616823
3613.0,297.0,0.0404200553894043,3.5258629322052,19,3,1756653851.0318036,1756653854.5980868
3953.0,177.0,0.05594754219055176,2.213529348373413,19,4,1756653854.6053548,1756653856.874832
4220.0,260.0,0.059490203857421875,3.1637887954711914,19,5,1756653856.9516995,1756653860.1749792
3056.0,85.0,0.0916130542755127,0.8963513374328613,22,1,1756653847.0906975,1756653848.0786626
3154.0,300.0,0.04023313522338867,3.1135306358337402,22,2,1756653848.101339,1756653851.2551033
3465.0,222.0,0.05282258987426758,2.6250829696655273,22,3,1756653851.336998,1756653854.014904
3700.0,276.0,0.04372000694274902,3.4663758277893066,22,4,1756653854.0787218,1756653857.5888176
3987.0,289.0,0.06751275062561035,3.4853997230529785,22,5,1756653857.6593988,1756653861.2123122
3076.0,78.0,0.22392940521240234,0.5753419399261475,11,1,1756653842.6528778,1756653843.4521492
3190.0,125.0,9.30599069595337,2.768730401992798,11,2,1756653843.4730492,1756653855.5477707
3341.0,234.0,0.07098388671875,2.966405153274536,11,3,1756653855.6252046,1756653858.662594
3612.0,150.0,0.06818008422851562,1.7443790435791016,11,4,1756653858.678476,1756653860.4910357
3783.0,73.0,0.05239057540893555,0.8979935646057129,11,5,1756653860.5260992,1756653861.476484
3060.0,174.0,0.1397252082824707,2.1560254096984863,38,1,1756653853.5742183,1756653855.8699698
3253.0,128.0,0.0712578296661377,1.619075059890747,38,2,1756653855.9312754,1756653857.6216083
3523.0,133.0,0.15719866752624512,1.6935555934906006,38,3,1756653857.664852,1756653859.515607
3678.0,31.0,1.3044931888580322,0.7797038555145264,38,4,1756653859.6214156,1756653861.705613
3731.0,28.0,0.06515169143676758,0.6498663425445557,38,5,1756653861.7640936,1756653862.479112
3062.0,68.0,4.676600933074951,3.5219900608062744,13,1,1756653843.4741251,1756653851.6727164
3147.0,91.0,0.6679444313049316,1.7876145839691162,13,2,1756653851.7386644,1756653854.1942239
3256.0,300.0,0.20492768287658691,3.741105318069458,13,3,1756653854.282747,1756653858.228782
3575.0,294.0,0.06195545196533203,3.4959664344787598,13,4,1756653858.2740114,1756653861.8319337
3888.0,116.0,0.05919003486633301,1.4394803047180176,13,5,1756653861.8592184,1756653863.35789
3302.0,128.0,0.2795283794403076,1.5320804119110107,37,1,1756653853.1667526,1756653854.9783618
3666.0,121.0,0.9187359809875488,2.619162082672119,37,2,1756653855.0214405,1756653858.559339
3820.0,253.0,0.07160234451293945,2.9969379901885986,37,3,1756653858.578061,1756653861.6466017
4167.0,51.0,0.0562283992767334,0.7656018733978271,37,4,1756653861.657477,1756653862.4793074
4305.0,55.0,0.09786868095397949,0.6679215431213379,37,5,1756653862.5798595,1756653863.3456514
3394.0,269.0,0.11362767219543457,2.6091597080230713,20,1,1756653846.28379,1756653849.0065782
3711.0,300.0,0.04532980918884277,3.263798952102661,20,2,1756653849.0093703,1756653852.3184993
4088.0,300.0,0.056188344955444336,3.6893513202667236,20,3,1756653852.3496313,1756653856.0951712
4510.0,266.0,1.6729846000671387,5.753413915634155,20,4,1756653856.1318495,1756653863.5582483
4833.0,61.0,0.06256365776062012,0.8598434925079346,20,5,1756653863.6025333,1756653864.524941
3062.0,17.0,0.14542579650878906,0.18191194534301758,51,1,1756653858.8851027,1756653859.2124407
3106.0,54.0,0.06145143508911133,0.6233205795288086,51,2,1756653859.7194324,1756653860.4042048
3178.0,20.0,0.053205013275146484,0.21100139617919922,51,3,1756653860.626602,1756653860.8908088
3542.0,40.0,1.2293007373809814,0.7942726612091064,51,4,1756653861.548766,1756653863.5723398
3894.0,40.0,0.4214036464691162,0.8499865531921387,51,5,1756653863.6048717,1756653864.8762622
3058.0,70.0,0.8421926498413086,1.5032987594604492,36,1,1756653852.7556624,1756653855.1011543
3159.0,108.0,0.13758516311645508,1.436033010482788,36,2,1756653855.1183217,1756653856.6919398
3296.0,9.0,0.1191248893737793,0.1831190586090088,36,3,1756653856.7480617,1756653857.050306
3324.0,125.0,0.5362114906311035,2.698115348815918,36,4,1756653857.6624486,1756653860.8967774
3793.0,162.0,0.9658095836639404,3.9877631664276123,36,5,1756653860.935349,1756653865.8889225
3056.0,92.0,0.18052196502685547,1.105311393737793,47,1,1756653857.2572167,1756653858.54305
3164.0,80.0,1.0802364349365234,1.8011720180511475,47,2,1756653858.5798774,1756653861.4612865
3265.0,61.0,0.05218005180358887,0.8800969123840332,47,3,1756653861.5472307,1756653862.4795077
3349.0,114.0,0.09690618515014648,1.4536092281341553,47,4,1756653862.5824952,1756653864.1330106
3477.0,134.0,0.05951046943664551,1.8205089569091797,47,5,1756653864.2121239,1756653866.0921438
3355.0,135.0,0.17373132705688477,1.5658376216888428,33,1,1756653851.5392601,1756653853.2788293
3502.0,146.0,1.4656720161437988,2.8872182369232178,33,2,1756653853.37441,1756653857.7273004
3668.0,120.0,0.058557987213134766,1.4595019817352295,33,3,1756653857.7603023,1756653859.2783623
3875.0,129.0,0.05320310592651367,1.4816670417785645,33,4,1756653859.2907474,1756653860.8256183
4026.0,210.0,0.9249682426452637,5.186753988265991,33,5,1756653860.8296075,1756653866.9413297
3320.0,197.0,0.7678885459899902,3.9894988536834717,35,1,1756653852.3514407,1756653857.1088288
3539.0,213.0,0.18488764762878418,2.5668344497680664,35,2,1756653857.154594,1756653859.9063165
4035.0,146.0,0.046762704849243164,1.737058162689209,35,3,1756653859.9181142,1756653861.7019355
4203.0,266.0,0.05435824394226074,3.379101514816284,35,4,1756653861.7619648,1756653865.195425
4490.0,147.0,0.06084918975830078,2.099971294403076,35,5,1756653865.2523618,1756653867.4131825
3063.0,87.0,0.6683800220489502,1.615715503692627,30,1,1756653850.325574,1756653852.60967
3179.0,280.0,0.15470051765441895,3.499229669570923,30,2,1756653852.650411,1756653856.3043416
3486.0,272.0,0.04634451866149902,3.322296380996704,30,3,1756653856.3360524,1756653859.7046938
3806.0,300.0,0.06409263610839844,3.6272835731506348,30,4,1756653859.7173626,1756653863.4087393
4129.0,295.0,0.05794835090637207,4.026553153991699,30,5,1756653863.4997737,1756653867.5842752
3065.0,252.0,0.11623907089233398,2.6963882446289062,27,1,1756653849.1099072,1756653851.9225347
3342.0,264.0,0.07953310012817383,3.1196584701538086,27,2,1756653851.9414115,1756653855.1406035
3629.0,231.0,0.053481340408325195,2.977679967880249,27,3,1756653855.2194734,1756653858.2506347
3881.0,271.0,0.7443411350250244,5.681027412414551,27,4,1756653858.2779047,1756653864.703274
4180.0,225.0,0.08252215385437012,3.1053197383880615,27,5,1756653864.7301095,1756653867.9179516
3056.0,9.0,0.1465601921081543,0.09195542335510254,49,1,1756653858.0681267,1756653858.3066425
3094.0,26.0,0.050108909606933594,0.2763679027557373,49,2,1756653858.984445,1756653859.3109224
3177.0,177.0,0.05381011962890625,2.1369640827178955,49,3,1756653859.919917,1756653862.1106918
3370.0,41.0,1.6825146675109863,0.8898007869720459,49,4,1756653862.1752133,1756653864.7475295
3421.0,31.0,2.8874564170837402,0.6780960559844971,49,5,1756653864.843286,1756653868.4088392
3132.0,126.0,0.1499190330505371,1.4975590705871582,54,1,1756653860.1199079,1756653861.7673864
3278.0,70.0,0.07240748405456543,0.8780684471130371,54,2,1756653861.8664315,1756653862.816908
3371.0,141.0,0.043883323669433594,1.796478509902954,54,3,1756653862.889166,1756653864.7295287
3531.0,94.0,0.07845044136047363,1.3413748741149902,54,4,1756653864.7324612,1756653866.1522865
3645.0,164.0,0.0494840145111084,2.1749513149261475,54,5,1756653866.1700091,1756653868.3944457
3064.0,169.0,1.431316614151001,5.826182842254639,12,1,1756653843.0713532,1756653850.3288527
3251.0,241.0,0.15666460990905762,2.764355182647705,12,2,1756653850.4240239,1756653853.3450441
3511.0,262.0,0.37158966064453125,5.797084093093872,12,3,1756653853.3717732,1756653859.5404477
3786.0,254.0,0.0498814582824707,3.065056562423706,12,4,1756653859.619322,1756653862.7342603
4058.0,229.0,0.6429290771484375,5.435062885284424,12,5,1756653862.788418,1756653868.8664105
3074.0,300.0,0.11264562606811523,3.0853116512298584,24,1,1756653847.8981686,1756653851.0961266
3387.0,300.0,0.05115509033203125,3.578549385070801,24,2,1756653851.1342206,1756653854.7639256
3704.0,276.0,0.8748881816864014,6.134902477264404,24,3,1756653854.8175855,1756653861.8273766
3999.0,238.0,0.07958006858825684,3.014186143875122,24,4,1756653861.861612,1756653864.9553783
4257.0,300.0,0.07625985145568848,4.062359094619751,24,5,1756653865.044284,1756653869.1829033
3068.0,142.0,0.15538334846496582,1.627774953842163,32,1,1756653851.1353545,1756653852.9185128
3230.0,300.0,0.03814697265625,3.7566158771514893,32,2,1756653852.9564037,1756653856.751167
3565.0,250.0,0.6820967197418213,5.690711736679077,32,3,1756653856.849099,1756653863.2219079
3828.0,184.0,0.04917478561401367,2.4172215461730957,32,4,1756653863.2920272,1756653865.758424
4035.0,248.0,0.15049481391906738,3.317361831665039,32,5,1756653865.8595624,1756653869.3274198
3064.0,300.0,0.6375689506530762,5.729188919067383,28,1,1756653849.517046,1756653855.8838046
3387.0,300.0,0.1979658603668213,3.6786935329437256,28,2,1756653855.9293466,1756653859.8060062
3711.0,186.0,0.03947734832763672,2.2401697635650635,28,3,1756653859.8176694,1756653862.0973194
3921.0,284.0,0.30202388763427734,3.47674822807312,28,4,1756653862.1714156,1756653865.9501884
4232.0,300.0,0.15417122840881348,3.881014585494995,28,5,1756653865.9675467,1756653870.002733
3234.0,124.0,0.15394926071166992,1.5003957748413086,48,1,1756653857.6675222,1756653859.3218672
3683.0,300.0,0.13636016845703125,3.60325026512146,48,2,1756653859.3901772,1756653863.129788
4061.0,170.0,0.04214072227478027,2.183471202850342,48,3,1756653863.1904376,1756653865.4160495
4266.0,21.0,0.11794686317443848,0.37904810905456543,48,4,1756653865.45163,1756653865.9486256
4475.0,286.0,0.061252593994140625,3.7403390407562256,48,5,1756653866.3785095,1756653870.1801012
3085.0,287.0,0.17423081398010254,3.663254737854004,42,1,1756653855.221282,1756653859.0587676
3389.0,206.0,0.04859566688537598,2.4111814498901367,42,2,1756653859.0850294,1756653861.544807
3615.0,205.0,0.05458688735961914,2.581667423248291,42,3,1756653861.5454094,1756653864.181664
3845.0,223.0,0.0466151237487793,3.052736520767212,42,4,1756653864.210104,1756653867.309456
4096.0,223.0,0.050748348236083984,2.8326168060302734,42,5,1756653867.3922255,1756653870.2755911
3086.0,300.0,1.8214092254638672,7.107866287231445,46,1,1756653856.8509164,1756653865.780192
3408.0,105.0,0.3446676731109619,1.4178876876831055,46,2,1756653865.8620007,1756653867.6245565
3527.0,14.0,0.04599952697753906,0.15657472610473633,46,3,1756653867.7015193,1756653867.904094
3561.0,48.0,0.04674196243286133,0.6047630310058594,46,4,1756653868.6271665,1756653869.2786722
3631.0,54.0,0.08017826080322266,0.677879810333252,46,5,1756653869.5616832,1756653870.3197412
3063.0,212.0,0.15291428565979004,2.5770697593688965,55,1,1756653860.528585,1756653863.2585697
3294.0,141.0,0.06080055236816406,1.8253626823425293,55,2,1756653863.2947674,1756653865.1809323
3455.0,177.0,0.05588722229003906,2.499049186706543,55,3,1756653865.254694,1756653867.8096309
3649.0,87.0,0.05742001533508301,1.0946755409240723,55,4,1756653867.9055552,1756653869.0576513
3755.0,98.0,0.06820511817932129,1.2274596691131592,55,5,1756653869.1426637,1756653870.438329
3074.0,213.0,0.1561601161956787,2.4440765380859375,31,1,1756653850.7295136,1756653853.3297505
3304.0,202.0,0.746056318283081,4.152698993682861,31,2,1756653853.3732576,1756653858.272013
3543.0,240.0,0.7670462131500244,4.980088710784912,31,3,1756653858.279757,1756653864.026892
3796.0,275.0,0.09894108772277832,3.732886791229248,31,4,1756653864.1093965,1756653867.9412248
4102.0,266.0,0.07500171661376953,3.342209815979004,31,5,1756653868.0114348,1756653871.4286473
3127.0,300.0,0.5275838375091553,5.116241455078125,23,1,1756653847.5003061,1756653853.1441321
3450.0,242.0,0.04955744743347168,5.03787899017334,23,2,1756653853.1634274,1756653858.2508657
3724.0,158.0,0.28112268447875977,3.332530975341797,23,3,1756653858.2763119,1756653861.889966
3908.0,300.0,0.44080686569213867,3.725126266479492,23,4,1756653861.9722652,1756653866.1381989
4229.0,263.0,0.22910857200622559,5.430078506469727,23,5,1756653866.1664999,1756653871.8256876
3500.0,300.0,0.25729966163635254,3.6427829265594482,44,1,1756653856.030593,1756653859.9306762
3848.0,29.0,0.04696226119995117,0.33698511123657227,44,2,1756653860.0204294,1756653860.404377
3915.0,29.0,0.13735723495483398,0.3479311466217041,44,3,1756653860.937467,1756653861.4227562
4412.0,22.0,0.11938166618347168,0.4506072998046875,44,4,1756653861.8634486,1756653862.4334383
4485.0,300.0,2.522855281829834,6.928176403045654,44,5,1756653862.7907205,1756653872.2417526
3074.0,232.0,0.2495121955871582,2.9172351360321045,40,1,1756653854.3856833,1756653857.552431
3318.0,31.0,0.03918337821960449,0.3873879909515381,40,2,1756653857.5567997,1756653857.9833713
3363.0,298.0,0.06301593780517578,3.5839552879333496,40,3,1756653858.4790895,1756653862.1260612
3674.0,300.0,0.29646825790405273,3.7119734287261963,40,4,1756653862.1734676,1756653866.1819093
3987.0,300.0,0.5923893451690674,6.080010652542114,40,5,1756653866.2783892,1756653872.9507897
3064.0,300.0,0.14056849479675293,3.4067142009735107,29,1,1756653849.922216,1756653853.4694989
3383.0,300.0,0.03977704048156738,3.7400262355804443,29,2,1756653853.4699817,1756653857.2497852
3703.0,300.0,0.06861686706542969,3.5887632369995117,29,3,1756653857.255308,1756653860.912689
4024.0,300.0,0.06949758529663086,3.7693467140197754,29,4,1756653860.9331124,1756653864.7719572
4351.0,300.0,1.6203899383544922,7.0378899574279785,29,5,1756653864.836296,1756653873.4945762
3152.0,5.0,1.4891283512115479,0.07957124710083008,77,1,1756653869.5690053,1756653871.1377053
3175.0,34.0,0.17900943756103516,0.452167272567749,77,2,1756653871.1930509,1756653871.824228
3247.0,65.0,0.24969816207885742,0.7853500843048096,77,3,1756653872.0699239,1756653873.1049726
3364.0,64.0,0.05748939514160156,0.7755956649780273,77,4,1756653873.189262,1756653874.0223475
3450.0,30.0,0.07702946662902832,0.38649821281433105,77,5,1756653874.1046011,1756653874.5681288
3084.0,38.0,0.12216353416442871,0.6186079978942871,67,1,1756653865.4536576,1756653866.1944296
3138.0,136.0,0.04471015930175781,1.8481781482696533,67,2,1756653866.3808937,1756653868.273783
3302.0,35.0,1.4955406188964844,0.6850402355194092,67,3,1756653868.3192644,1756653870.499846
3369.0,55.0,0.07313203811645508,0.7388708591461182,67,4,1756653870.586767,1756653871.3987703
3478.0,300.0,0.0558781623840332,3.8351550102233887,67,5,1756653871.4559584,1756653875.346992
3219.0,31.0,0.18216419219970703,0.38533616065979004,65,1,1756653864.6293738,1756653865.1968744
3260.0,38.0,0.06968069076538086,0.6068120002746582,65,2,1756653865.5549715,1756653866.2314646
3345.0,73.0,0.07160592079162598,1.0307509899139404,65,3,1756653866.4820623,1756653867.5844193
3460.0,300.0,0.08545160293579102,3.773782253265381,65,4,1756653867.601061,1756653871.4602954
3780.0,300.0,0.06828761100769043,3.8684823513031006,65,5,1756653871.5594673,1756653875.4962378
3204.0,100.0,1.6717896461486816,2.129070281982422,41,1,1756653854.8194711,1756653858.620331
3327.0,214.0,0.19210195541381836,2.5076088905334473,41,2,1756653858.680587,1756653861.3802981
3649.0,281.0,0.053215742111206055,3.5111072063446045,41,3,1756653861.4401717,1756653865.0044951
4057.0,282.0,0.7859561443328857,5.8498334884643555,41,4,1756653865.0466619,1756653871.682452
4430.0,300.0,0.07199335098266602,3.8382458686828613,41,5,1756653871.7620795,1756653875.672319
3537.0,221.0,1.0825412273406982,4.653119802474976,53,1,1756653859.720785,1756653865.4564464
3834.0,104.0,0.261676549911499,1.4979524612426758,53,2,1756653865.5520656,1756653867.311695
3995.0,87.0,0.1954045295715332,1.9337420463562012,53,3,1756653867.3952131,1756653869.5243602
4208.0,216.0,0.09015059471130371,2.7645113468170166,53,4,1756653869.5640924,1756653872.4187546
4536.0,249.0,0.07447314262390137,3.1510355472564697,53,5,1756653872.471988,1756653875.6974976
3064.0,282.0,0.14917659759521484,3.5264127254486084,39,1,1756653853.978606,1756653857.6541953
3360.0,300.0,0.8914728164672852,6.374665260314941,39,2,1756653857.6663275,1756653864.9324675
3675.0,300.0,0.06720447540283203,4.061867952346802,39,3,1756653864.9398859,1756653869.0689585
3987.0,215.0,0.06755614280700684,2.7215325832366943,39,4,1756653869.1405332,1756653871.9296224
4214.0,300.0,0.055950164794921875,3.877436399459839,39,5,1756653871.9652689,1756653875.898656
3062.0,215.0,0.7997875213623047,4.592078685760498,43,1,1756653855.6294503,1756653861.0213177
3299.0,291.0,0.16583466529846191,3.643057346343994,43,2,1756653861.0343812,1756653864.8432736
3613.0,272.0,0.05967855453491211,3.7060277462005615,43,3,1756653864.9439044,1756653868.7096112
3909.0,293.0,0.04781222343444824,3.775803565979004,43,4,1756653868.7301888,1756653872.5538049
4226.0,273.0,0.05575370788574219,3.4539456367492676,43,5,1756653872.5758533,1756653876.0855527
3095.0,104.0,0.357097864151001,1.301682472229004,63,1,1756653863.8087559,1756653865.4675362
3234.0,113.0,0.8100955486297607,2.500856876373291,63,2,1756653865.5537298,1756653868.8646827
3373.0,151.0,0.0715785026550293,1.887528896331787,63,3,1756653868.938803,1756653870.8979108
3558.0,138.0,0.1312394142150879,2.6491239070892334,63,4,1756653870.9927514,1756653873.7731152
3749.0,130.0,0.16513872146606445,2.330864906311035,63,5,1756653873.7970357,1756653876.29304
3081.0,28.0,0.2257246971130371,0.33471250534057617,81,1,1756653871.1943295,1756653871.7547674
3122.0,23.0,0.8768985271453857,0.47283077239990234,81,2,1756653872.0717645,1756653873.421494
3163.0,38.0,0.056281328201293945,0.4729156494140625,81,3,1756653873.4927404,1756653874.0219378
3214.0,86.0,0.1438608169555664,1.1011316776275635,81,4,1756653874.4040365,1756653875.64903
3318.0,48.0,0.06625509262084961,0.5875694751739502,81,5,1756653875.7433605,1756653876.3971853
3118.0,39.0,0.2095794677734375,0.5226893424987793,66,1,1756653865.055333,1756653865.787602
3170.0,108.0,0.15230846405029297,1.4622864723205566,66,2,1756653865.970001,1756653867.584596
3292.0,109.0,1.1417665481567383,2.427992343902588,66,3,1756653867.6031742,1756653871.1729348
3467.0,104.0,0.17641735076904297,1.267484188079834,66,4,1756653871.1907635,1756653872.6346653
3591.0,131.0,0.9696118831634521,2.863337993621826,66,5,1756653872.795235,1756653876.6281848
3072.0,203.0,0.1479191780090332,2.648513078689575,61,1,1756653862.9913607,1756653865.7877934
3374.0,282.0,0.1487588882446289,3.719106435775757,61,2,1756653865.8632455,1756653869.731111
3760.0,300.0,0.06788206100463867,3.7727298736572266,61,3,1756653869.7614212,1756653873.6020336
4108.0,113.0,0.07451558113098145,1.4495563507080078,61,4,1756653873.6943305,1756653875.2184029
4244.0,114.0,0.057220458984375,1.4910149574279785,61,5,1756653875.2209969,1756653876.7692323
3062.0,267.0,0.16672778129577637,3.1589882373809814,50,1,1756653858.4809585,1756653861.8066752
3345.0,294.0,0.08841180801391602,3.774895191192627,50,2,1756653861.8652532,1756653865.7285624
3655.0,289.0,0.053653717041015625,3.860259532928467,50,3,1756653865.7584362,1756653869.6723497
3964.0,235.0,0.06747317314147949,3.014159679412842,50,4,1756653869.7592733,1756653872.8409064
4217.0,300.0,0.06195402145385742,3.8420965671539307,50,5,1756653872.878837,1756653876.7828877
3064.0,108.0,0.13242125511169434,1.3621165752410889,56,1,1756653860.939049,1756653862.4335876
3189.0,280.0,0.1457200050354004,3.6966845989227295,56,2,1756653862.5872455,1756653866.42965
3492.0,223.0,0.059729814529418945,2.9843356609344482,56,3,1756653866.4805207,1756653869.5245867
3748.0,254.0,0.091522216796875,3.243936538696289,56,4,1756653869.566021,1756653872.90148
4020.0,300.0,0.04503226280212402,3.8344688415527344,56,5,1756653872.9792619,1756653876.8587632
3075.0,300.0,0.18478965759277344,3.634413003921509,45,1,1756653856.4390368,1756653860.2582397
3393.0,213.0,1.558199167251587,4.537573337554932,45,2,1756653860.324031,1756653866.4198039
3643.0,204.0,0.06419634819030762,2.6857523918151855,45,3,1756653866.4786506,1756653869.2285995
3864.0,298.0,0.08011388778686523,3.754547119140625,45,4,1756653869.247703,1756653873.0823646
4183.0,300.0,0.054090261459350586,3.8356616497039795,45,5,1756653873.0854244,1756653876.975177
3074.0,176.0,0.7520334720611572,3.7304201126098633,52,1,1756653859.292857,1756653863.7753122
3273.0,206.0,0.23624920845031738,2.775181293487549,52,2,1756653863.8072968,1756653866.8187273
3565.0,203.0,0.08874368667602539,2.646294355392456,52,3,1756653866.882969,1756653869.618007
3786.0,224.0,0.04812121391296387,2.8953657150268555,52,4,1756653869.6586301,1756653872.602117
4079.0,182.0,0.8223898410797119,3.9289445877075195,52,5,1756653872.7909145,1756653877.5422497
3200.0,300.0,0.14252567291259766,3.946441411972046,60,1,1756653862.5884998,1756653866.6774673
3534.0,121.0,0.055174827575683594,1.6576857566833496,60,2,1756653866.6812983,1756653868.3941596
3682.0,300.0,0.1008293628692627,3.8186872005462646,60,3,1756653868.4268157,1756653872.346334
4047.0,143.0,0.08119940757751465,1.7612953186035156,60,4,1756653872.3714824,1756653874.2139788
4217.0,255.0,0.049486637115478516,3.2229819297790527,60,5,1756653874.3031507,1756653877.5756202
3089.0,61.0,1.2192156314849854,1.3218553066253662,69,1,1756653866.2808259,1756653868.8218973
3194.0,43.0,0.17676806449890137,0.5390408039093018,69,2,1756653868.8298512,1756653869.5456605
3274.0,133.0,0.07450079917907715,1.6772022247314453,69,3,1756653869.7629395,1756653871.5146432
3459.0,300.0,0.06357955932617188,3.868816614151001,69,4,1756653871.561944,1756653875.4943407
3799.0,156.0,0.061693429946899414,1.9319095611572266,69,5,1756653875.534908,1756653877.5285115
3736.0,142.0,1.2023701667785645,3.4971413612365723,59,1,1756653862.1770372,1756653866.8765488
3898.0,152.0,0.3304567337036133,1.9392421245574951,59,2,1756653866.884702,1756653869.1544015
4082.0,258.0,0.07281088829040527,3.3020143508911133,59,3,1756653869.2498388,1756653872.6246645
4364.0,179.0,0.9215888977050781,3.827606439590454,59,4,1756653872.793373,1756653877.542569
4585.0,194.0,0.060117244720458984,2.4032485485076904,59,5,1756653877.586944,1756653880.0503104
3061.0,195.0,0.8924214839935303,4.81569766998291,58,1,1756653861.7663202,1756653867.4744399
3282.0,227.0,0.18811297416687012,2.8527071475982666,58,2,1756653867.5007906,1756653870.5416112
3528.0,251.0,0.06295156478881836,3.1607751846313477,58,3,1756653870.5828917,1756653873.8066192
3799.0,239.0,0.04340171813964844,3.0951671600341797,58,4,1756653873.899857,1756653877.0384264
4061.0,300.0,0.04965353012084961,3.724651575088501,58,5,1756653877.0809238,1756653880.8552294
3066.0,197.0,0.1488504409790039,2.4266364574432373,57,1,1756653861.3397305,1756653863.9152193
3289.0,300.0,0.5592334270477295,6.367632627487183,57,2,1756653864.007202,1756653870.9340684
3609.0,216.0,0.047420501708984375,2.7165684700012207,57,3,1756653870.9908912,1756653873.7548807
3858.0,300.0,0.04122471809387207,3.8233718872070312,57,4,1756653873.7949338,1756653877.659531
4175.0,300.0,0.06379199028015137,3.749934434890747,57,5,1756653877.6991463,1756653881.5128732
3147.0,260.0,0.22565817832946777,3.44079852104187,68,1,1756653865.864394,1756653869.5308511
3418.0,300.0,0.0852816104888916,3.7815656661987305,68,2,1756653869.5678127,1756653873.4346604
3758.0,143.0,0.04695844650268555,1.8669154644012451,68,3,1756653873.4887044,1756653875.4025788
3999.0,300.0,0.08519864082336426,3.7325618267059326,68,4,1756653875.4221704,1756653879.2399313
4310.0,181.0,0.17043113708496094,2.1570355892181396,68,5,1756653879.3215597,1756653881.6490269
3067.0,27.0,0.1766963005065918,0.37111377716064453,83,1,1756653871.9678023,1756653872.5156126
3110.0,60.0,0.5634763240814209,1.0954899787902832,83,2,1756653872.881584,1756653874.5405507
3360.0,187.0,0.10050344467163086,2.3929929733276367,83,3,1756653874.613964,1756653877.1074612
3566.0,113.0,0.0418698787689209,1.4292147159576416,83,4,1756653877.181422,1756653878.652507
3696.0,262.0,0.053030967712402344,3.2401206493377686,83,5,1756653878.7085395,1756653882.0016916
3115.0,224.0,0.2028188705444336,2.836975574493408,78,1,1756653869.9608984,1756653873.000693
3505.0,245.0,0.06716203689575195,3.1593971252441406,78,2,1756653873.0878718,1756653876.3144314
3793.0,41.0,0.04387235641479492,0.4959907531738281,78,3,1756653876.3629375,1756653876.9028006
4001.0,23.0,0.06379580497741699,0.27388715744018555,78,4,1756653877.2821047,1756653877.6197886
4195.0,171.0,0.9212415218353271,3.5202252864837646,78,5,1756653878.2067087,1756653882.6481762
3062.0,26.0,0.9712097644805908,0.49945712089538574,64,1,1756653864.2141588,1756653865.684826
3106.0,26.0,0.2158493995666504,0.3933572769165039,64,2,1756653865.7602046,1756653866.3694115
3247.0,293.0,0.05542421340942383,3.829355001449585,64,3,1756653866.6827846,1756653870.567564
3579.0,300.0,1.4428532123565674,6.9110236167907715,64,4,1756653870.5847797,1756653878.938657
3942.0,295.0,0.050577402114868164,3.6901581287384033,64,5,1756653879.0093884,1756653882.7501242
3056.0,28.0,0.18743658065795898,0.4230020046234131,80,1,1756653870.788109,1756653871.3985481
3101.0,30.0,0.0938727855682373,0.3743562698364258,80,2,1756653871.6613424,1756653872.129572
3157.0,283.0,0.06580543518066406,3.598923444747925,80,3,1756653872.5783014,1756653876.2430305
3461.0,300.0,0.043987274169921875,3.690195083618164,80,4,1756653876.2576218,1756653879.9918048
3784.0,243.0,0.04279184341430664,3.1085617542266846,80,5,1756653880.0375195,1756653883.1888733
3068.0,86.0,0.17201662063598633,0.9921436309814453,84,1,1756653872.3738153,1756653873.537976
3202.0,254.0,0.04847574234008789,3.300863742828369,84,2,1756653873.5937924,1756653876.9431324
3491.0,174.0,0.05568242073059082,2.140775203704834,84,3,1756653876.9817903,1756653879.1782484
3683.0,104.0,0.04332304000854492,1.275146245956421,84,4,1756653879.213355,1756653880.531825
3849.0,234.0,0.06118607521057129,2.9896838665008545,84,5,1756653880.5559216,1756653883.606792
3064.0,202.0,0.18326401710510254,2.532566785812378,76,1,1756653869.14495,1756653871.8607814
3285.0,163.0,1.150038719177246,3.8106768131256104,76,2,1756653871.8661075,1756653876.8268232
3494.0,284.0,0.0529172420501709,3.502145290374756,76,3,1756653876.8760862,1756653880.4311497
3790.0,90.0,0.061086416244506836,1.133012056350708,76,4,1756653880.4547079,1756653881.6488068
3912.0,204.0,0.04410743713378906,2.604926824569702,76,5,1756653881.683127,1756653884.3321621
3143.0,142.0,0.16508889198303223,1.7520825862884521,96,1,1756653877.2843173,1756653879.2014894
3299.0,142.0,0.05134296417236328,1.7539329528808594,96,2,1756653879.2156293,1756653881.0209055
3456.0,123.0,0.06491684913635254,1.5447607040405273,96,3,1756653881.0663164,1756653882.6759946
3593.0,110.0,0.06644868850708008,1.3929975032806396,96,4,1756653882.7127445,1756653884.1721914
3717.0,130.0,0.07573390007019043,1.7248494625091553,96,5,1756653884.2404146,1756653886.0409987
3059.0,44.0,0.1752772331237793,0.5749783515930176,87,1,1756653873.5953214,1756653874.3455772
3129.0,300.0,0.08017754554748535,3.8157730102539062,87,2,1756653874.5387769,1756653878.4347277
3446.0,229.0,0.06392407417297363,2.824547529220581,87,3,1756653878.5078056,1756653881.3962777
3701.0,127.0,0.07229185104370117,1.6320958137512207,87,4,1756653881.4719563,1756653883.1763444
3866.0,217.0,0.051004648208618164,2.8119657039642334,87,5,1756653883.2190955,1756653886.0820665
3065.0,300.0,0.15500378608703613,4.103539228439331,62,1,1756653863.3989275,1756653867.657471
3388.0,300.0,1.0769085884094238,5.781993627548218,62,2,1756653867.703381,1756653874.5622835
3704.0,300.0,0.07710766792297363,3.80301833152771,62,3,1756653874.6096961,1756653878.4898221
4033.0,300.0,0.06499505043029785,3.755288600921631,62,4,1756653878.505366,1756653882.3256502
4393.0,300.0,0.05379295349121094,3.9126102924346924,62,5,1756653882.4014554,1756653886.3678591
3123.0,65.0,0.3555116653442383,0.8415126800537109,71,1,1756653867.0868614,1756653868.2838867
3199.0,24.0,0.1157996654510498,0.28336501121520996,71,2,1756653868.322122,1756653868.7212873
3408.0,300.0,1.4042458534240723,6.908996105194092,71,3,1756653869.2514331,1756653877.5646758
3752.0,220.0,0.5911023616790771,4.4863362312316895,71,4,1756653877.5895755,1756653882.6670141
4007.0,300.0,0.11172723770141602,3.9277632236480713,71,5,1756653882.7084427,1756653886.7479331
3072.0,57.0,0.15807628631591797,0.647047758102417,94,1,1756653876.4646893,1756653877.269814
3159.0,223.0,0.06731224060058594,2.7436423301696777,94,2,1756653877.3826256,1756653880.1935806
3395.0,24.0,0.0716402530670166,0.26622915267944336,94,3,1756653880.2395627,1756653880.5774326
3668.0,198.0,0.06181764602661133,2.531245231628418,94,4,1756653881.1684864,1756653883.7615497
3900.0,217.0,0.06631255149841309,2.8783156871795654,94,5,1756653883.8302162,1756653886.7748456
3075.0,300.0,0.17817354202270508,3.7746968269348145,73,1,1756653867.90766,1756653871.8605309
3408.0,300.0,0.0515599250793457,3.8623814582824707,73,2,1756653871.8644931,1756653875.778435
3723.0,244.0,0.04172229766845703,3.0189287662506104,73,3,1756653875.840856,1756653878.9015076
3984.0,300.0,0.06819939613342285,3.7565622329711914,73,4,1756653878.911742,1756653882.7365043
4297.0,300.0,0.0672292709350586,3.940173387527466,73,5,1756653882.8114383,1756653886.8188417
3134.0,300.0,0.20328712463378906,3.929562568664551,79,1,1756653870.374644,1756653874.5074937
3458.0,26.0,0.9500823020935059,0.4914710521697998,79,2,1756653874.6116142,1756653876.0531683
3510.0,112.0,0.10707497596740723,1.9267780780792236,79,3,1756653876.1487806,1756653878.1826346
3651.0,266.0,0.0769355297088623,3.2829456329345703,79,4,1756653878.209346,1756653881.5692272
3934.0,300.0,0.41028428077697754,6.388532638549805,79,5,1756653881.5711942,1756653888.3700118
3061.0,159.0,0.4792811870574951,2.7529189586639404,89,1,1756653874.406146,1756653877.638347
3238.0,126.0,0.22543740272521973,1.5739424228668213,89,2,1756653877.70386,1756653879.5032403
3388.0,276.0,0.0444796085357666,3.5387091636657715,89,3,1756653879.6338055,1756653883.216997
3678.0,22.0,0.04142260551452637,0.27750587463378906,89,4,1756653883.3198001,1756653883.6387293
3719.0,300.0,0.06211423873901367,4.125556707382202,89,5,1756653884.2382476,1756653888.425919
3056.0,85.0,0.262066125869751,1.1788125038146973,70,1,1756653866.6843917,1756653868.1252708
3152.0,247.0,0.0662686824798584,3.1371288299560547,70,2,1756653868.213588,1756653871.4169858
3412.0,300.0,0.8197689056396484,5.414692163467407,70,3,1756653871.4583948,1756653877.6928563
3731.0,288.0,0.4795708656311035,5.963708400726318,70,4,1756653877.7017975,1756653884.145077
4031.0,300.0,0.11976361274719238,4.124468088150024,70,5,1756653884.2356882,1756653888.4799204
3397.0,213.0,0.1932361125946045,2.783200263977051,82,1,1756653871.5639415,1756653874.540378
3670.0,268.0,0.08517789840698242,3.4167897701263428,82,2,1756653874.6128163,1756653878.1147845
3961.0,256.0,0.07541036605834961,3.1418066024780273,82,3,1756653878.211381,1756653881.4285986
4241.0,285.0,0.07525897026062012,3.6204800605773926,82,4,1756653881.469793,1756653885.1655324
4563.0,300.0,0.06081843376159668,4.2076921463012695,82,5,1756653885.2602186,1756653889.52873
3067.0,135.0,0.1860647201538086,1.7461130619049072,107,1,1756653881.7857416,1756653883.7179198
3227.0,162.0,0.042516231536865234,2.0897340774536133,107,2,1756653883.7263672,1756653885.858618
3416.0,168.0,0.04456186294555664,2.3786635398864746,107,3,1756653885.871878,1756653888.2951038
3628.0,143.0,0.06078767776489258,1.855560064315796,107,4,1756653888.326549,1756653890.2428975
3867.0,56.0,0.0709986686706543,0.7698690891265869,107,5,1756653890.2778738,1756653891.1187422
3064.0,290.0,0.20757079124450684,3.6754493713378906,74,1,1756653868.3242843,1756653872.207305
3386.0,300.0,0.05162525177001953,3.8274447917938232,74,2,1756653872.2665331,1756653876.1456034
3706.0,293.0,0.07083368301391602,3.584477424621582,74,3,1756653876.1468582,1756653879.80217
4029.0,272.0,1.4247143268585205,6.148607015609741,74,4,1756653879.8338594,1756653887.407181
4320.0,300.0,0.07641887664794922,4.0546958446502686,74,5,1756653887.407829,1756653891.5389442
4012.0,118.0,0.25762104988098145,1.4707238674163818,111,1,1756653883.422761,1756653885.1511064
4149.0,97.0,0.061812639236450195,1.3205668926239014,111,2,1756653885.1564672,1756653886.538847
4264.0,88.0,0.04505634307861328,1.2242333889007568,111,3,1756653886.5844982,1756653887.8537884
4370.0,97.0,0.05609560012817383,1.3455970287322998,111,4,1756653887.9218013,1756653889.3234947
4488.0,169.0,0.18356800079345703,2.133420944213867,111,5,1756653889.3492095,1756653891.666199
3066.0,300.0,0.2691347599029541,3.7327804565429688,91,1,1756653875.2234619,1756653879.2253778
3382.0,240.0,0.16970252990722656,2.919174909591675,91,2,1756653879.325482,1756653882.4143612
3633.0,9.0,0.04281949996948242,0.09799361228942871,91,3,1756653882.5044105,1756653882.6452236
3665.0,300.0,0.0601658821105957,4.007603883743286,91,4,1756653883.4206777,1756653887.488448
3985.0,300.0,0.14206194877624512,4.051082611083984,91,5,1756653887.5160584,1756653891.7092037
3135.0,219.0,0.22307229042053223,2.784899950027466,104,1,1756653880.5584147,1756653883.5663877
3560.0,293.0,0.059261322021484375,3.891155481338501,104,2,1756653883.6221604,1756653887.5725777
3998.0,165.0,0.06374001502990723,2.1732912063598633,104,3,1756653887.614775,1756653889.8518066
4294.0,108.0,0.05533027648925781,1.5062716007232666,104,4,1756653889.8658748,1756653891.4274774
4560.0,58.0,0.055396318435668945,0.8001086711883545,104,5,1756653891.4958382,1756653892.3513436
3065.0,23.0,0.1763319969177246,0.26035547256469727,108,1,1756653882.195782,1756653882.6324716
3129.0,132.0,1.4170267581939697,2.7434206008911133,108,2,1756653883.1184034,1756653887.2788508
3303.0,158.0,0.04819464683532715,2.1929168701171875,108,3,1756653887.3045495,1756653889.5456617
3602.0,52.0,0.06600451469421387,0.6769795417785645,108,4,1756653889.66767,1756653890.4106548
3673.0,165.0,0.05157637596130371,2.2800488471984863,108,5,1756653890.5780733,1756653892.909699
3069.0,10.0,0.7694892883300781,0.1202993392944336,86,1,1756653873.1923046,1756653874.0820935
3103.0,297.0,0.24777913093566895,3.7678205966949463,86,2,1756653874.1067295,1756653878.12233
3415.0,300.0,0.07619476318359375,3.7001631259918213,86,3,1756653878.2130153,1756653881.9893734
3739.0,211.0,0.14608502388000488,2.6546711921691895,86,4,1756653882.090064,1756653884.8908205
3973.0,300.0,1.0383191108703613,7.076761722564697,86,5,1756653884.9557273,1756653893.0708082
3056.0,9.0,0.1759953498840332,0.09673643112182617,92,1,1756653875.6348243,1756653875.907557
3084.0,297.0,0.05878591537475586,3.6410369873046875,92,2,1756653876.5654325,1756653880.265256
3399.0,213.0,1.4522416591644287,4.44295859336853,92,3,1756653880.344665,1756653886.2398653
3635.0,267.0,0.08581924438476562,3.5988659858703613,92,4,1756653886.2764287,1756653889.9611144
3923.0,225.0,0.06687498092651367,3.1291720867156982,92,5,1756653889.971371,1756653893.1674194
3076.0,162.0,0.1676955223083496,2.042607069015503,103,1,1756653880.1412222,1756653882.3515255
3255.0,122.0,1.149979591369629,2.7546355724334717,103,2,1756653882.403905,1756653886.30852
3404.0,94.0,0.7582597732543945,1.8841845989227295,103,3,1756653886.3846722,1756653889.027117
3518.0,128.0,0.05390286445617676,1.6531991958618164,103,4,1756653889.0402749,1756653890.7473774
3668.0,172.0,0.07187438011169434,2.3794729709625244,103,5,1756653890.7836022,1756653893.2349496
3074.0,300.0,0.599402666091919,5.993530511856079,72,1,1756653867.502326,1756653874.0952594
3407.0,248.0,0.05103945732116699,4.472220420837402,72,2,1756653874.1029644,1756653878.6262243
3669.0,231.0,1.1240222454071045,5.060457706451416,72,3,1756653878.7065048,1756653884.890985
3915.0,300.0,0.19822072982788086,4.146793842315674,72,4,1756653884.9534388,1756653889.298454
4229.0,297.0,0.18477177619934082,3.8919851779937744,72,5,1756653889.3458395,1756653893.4225976
3105.0,172.0,0.15479373931884766,2.153960943222046,109,1,1756653882.6038177,1756653884.9125729
3300.0,125.0,0.10219216346740723,1.7309527397155762,109,2,1756653884.9604895,1756653886.7936347
3441.0,63.0,1.5678319931030273,1.455977439880371,109,3,1756653886.8897963,1756653889.9136064
3581.0,158.0,0.08423423767089844,2.2151269912719727,109,4,1756653889.9739287,1756653892.2732906
3759.0,108.0,0.059656620025634766,1.4794766902923584,109,5,1756653892.3129988,1756653893.852132
3111.0,252.0,0.7645113468170166,5.896489381790161,75,1,1756653868.7322927,1756653875.3932939
3415.0,300.0,0.8327028751373291,5.770141839981079,75,2,1756653875.4243903,1756653882.027236
3732.0,292.0,0.14765238761901855,3.7850821018218994,75,3,1756653882.088127,1756653886.0208619
4041.0,300.0,0.057173967361450195,4.084712505340576,75,4,1756653886.075003,1756653890.2168899
4365.0,254.0,0.08268189430236816,3.5162765979766846,75,5,1756653890.2754748,1756653893.8744352
3064.0,300.0,0.2683689594268799,3.7843124866485596,90,1,1756653874.8150284,1756653878.8677104
3386.0,300.0,0.06793689727783203,3.754861831665039,90,2,1756653878.913975,1756653882.7367754
3699.0,203.0,0.050538063049316406,2.5822696685791016,90,3,1756653882.8139174,1756653885.4467256
3925.0,300.0,0.0524444580078125,4.125583648681641,90,4,1756653885.4616878,1756653889.6397164
4241.0,300.0,0.06973981857299805,4.129817247390747,90,5,1756653889.665247,1756653893.864804
3070.0,65.0,0.18863701820373535,0.8997774124145508,114,1,1756653884.6511068,1756653885.739522
3151.0,40.0,0.9284453392028809,0.8366672992706299,114,2,1756653885.767688,1756653887.5328014
3233.0,83.0,0.06100773811340332,1.1404087543487549,114,3,1756653887.616469,1756653888.8178859
3345.0,187.0,0.10229969024658203,2.472912073135376,114,4,1756653888.8366964,1756653891.4119089
3562.0,171.0,0.06674480438232422,2.34670090675354,114,5,1756653891.4982512,1756653893.9116976
3096.0,48.0,0.167708158493042,0.5863087177276611,93,1,1756653876.0477455,1756653876.801764
3311.0,300.0,0.7081191539764404,6.299295663833618,93,2,1756653876.9837675,1756653883.9911828
3633.0,30.0,0.0710141658782959,0.4149205684661865,93,3,1756653884.0340152,1756653884.51995
3782.0,256.0,0.4340674877166748,5.26056432723999,93,4,1756653884.9585521,1756653890.6531847
4082.0,245.0,0.07285499572753906,3.3529398441314697,93,5,1756653890.6802614,1756653894.1060567
3081.0,300.0,0.15044522285461426,3.6953816413879395,98,1,1756653878.1021125,1756653881.9479399
3399.0,292.0,1.0091516971588135,6.083572864532471,98,2,1756653881.9875998,1756653889.080325
3771.0,208.0,0.06613659858703613,2.7855536937713623,98,3,1756653889.143886,1756653891.9955769
3998.0,148.0,0.06259822845458984,1.9940083026885986,98,4,1756653892.0093207,1756653894.0659273
4165.0,1.0,0.06354665756225586,0.001245260238647461,98,5,1756653894.0754645,1756653894.1402574
3064.0,97.0,0.21324515342712402,1.2923321723937988,110,1,1756653883.0141957,1756653884.5197737
3259.0,100.0,0.05174994468688965,1.3594706058502197,110,2,1756653884.5519388,1756653885.9631598
3389.0,204.0,0.06576848030090332,2.8345656394958496,110,3,1756653885.969843,1756653888.870177
3608.0,106.0,2.0417845249176025,2.589416265487671,110,4,1756653888.9426258,1756653893.573827
3730.0,62.0,0.17673873901367188,0.7645492553710938,110,5,1756653893.6584594,1756653894.599748
3065.0,64.0,0.16646313667297363,0.8788220882415771,117,1,1756653885.8736372,1756653886.9189227
3143.0,212.0,0.053026676177978516,2.8251967430114746,117,2,1756653886.9944255,1756653889.8726494
3382.0,99.0,1.024925947189331,2.028886556625366,117,3,1756653889.975928,1756653893.0297413
3509.0,65.0,0.0809319019317627,0.8793463706970215,117,4,1756653893.030123,1756653893.9904013
3590.0,61.0,0.07797646522521973,0.7544112205505371,117,5,1756653894.0782034,1756653894.9105916
3077.0,73.0,0.21338701248168945,0.8760635852813721,112,1,1756653883.8343902,1756653884.9238415
3170.0,165.0,0.10355949401855469,2.300429344177246,112,2,1756653884.961711,1756653887.3657002
3368.0,76.0,0.07610630989074707,1.072648525238037,112,3,1756653887.4104278,1756653888.5591834
3485.0,91.0,0.8753783702850342,2.1691722869873047,112,4,1756653888.6357698,1756653891.6803212
4407.0,290.0,0.17778325080871582,3.7654521465301514,112,5,1756653891.7048118,1756653895.6480477
3193.0,300.0,0.20588421821594238,3.812053918838501,102,1,1756653879.732895,1756653883.7508337
3524.0,99.0,0.06098580360412598,1.2572729587554932,102,2,1756653883.8330214,1756653885.1512806
3647.0,167.0,0.06115603446960449,2.3040778636932373,102,3,1756653885.1546547,1756653887.519889
3835.0,300.0,1.3711349964141846,6.030990839004517,102,4,1756653887.6125395,1756653895.0146666
4154.0,67.0,0.06384944915771484,0.8445301055908203,102,5,1756653895.1048665,1756653896.0132463
3078.0,113.0,0.27012062072753906,1.5621542930603027,118,1,1756653886.2784874,1756653888.1107628
3225.0,140.0,0.0694878101348877,1.785597562789917,118,2,1756653888.123435,1756653889.9785209
3403.0,106.0,0.11644601821899414,1.4431209564208984,118,3,1756653890.0679555,1756653891.6275237
3540.0,155.0,0.08232545852661133,2.109286069869995,118,4,1756653891.7072012,1756653893.8988132
3842.0,176.0,0.07688283920288086,2.211411952972412,118,5,1756653893.9799457,1756653896.268241
3102.0,212.0,1.1275365352630615,4.663158178329468,95,1,1756653876.8781428,1756653882.6688385
3348.0,124.0,0.8603291511535645,2.5193817615509033,95,2,1756653882.7112205,1756653886.0909317
3499.0,183.0,0.1870567798614502,2.5675361156463623,95,3,1756653886.1755717,1756653888.930165
3715.0,182.0,0.6390283107757568,4.381949424743652,95,4,1756653888.9405613,1756653893.9615397
3931.0,182.0,0.07638764381408691,2.2973694801330566,95,5,1756653893.9771633,1756653896.3509207
3064.0,295.0,0.17949485778808594,3.762606620788574,88,1,1756653874.0032313,1756653877.9453335
3377.0,300.0,0.8425087928771973,6.6339030265808105,88,2,1756653878.0014138,1756653885.4778259
3697.0,270.0,0.1798083782196045,3.786923408508301,88,3,1756653885.5621715,1756653889.528904
3985.0,292.0,0.06029677391052246,3.975235939025879,88,4,1756653889.5666337,1756653893.6021671
4292.0,300.0,0.06827497482299805,3.8998420238494873,88,5,1756653893.6556969,1756653897.6238143
3073.0,293.0,3.77839994430542,6.329540491104126,85,1,1756653872.7972434,1756653882.905184
3398.0,300.0,0.17514395713806152,3.9563233852386475,85,2,1756653882.9144647,1756653887.0459325
3721.0,300.0,0.07434892654418945,4.038112640380859,85,3,1756653887.0962203,1756653891.2086823
4047.0,284.0,0.11148834228515625,3.7401063442230225,85,4,1756653891.289875,1756653895.1414697
4345.0,194.0,0.06433391571044922,2.580817461013794,85,5,1756653895.207019,1756653897.852171
3091.0,127.0,1.0313749313354492,2.731283187866211,113,1,1756653884.2424383,1756653888.0050967
3271.0,147.0,0.3230893611907959,1.9037144184112549,113,2,1756653888.023523,1756653890.2503273
3434.0,105.0,1.5128209590911865,2.4099462032318115,113,3,1756653890.279923,1756653894.2026901
3600.0,156.0,0.23743414878845215,3.3913590908050537,113,4,1756653894.2849498,1756653897.9137437
3779.0,101.0,0.08311963081359863,1.311173915863037,113,5,1756653897.9712799,1756653899.365574
3057.0,23.0,0.3374366760253906,0.2802591323852539,97,1,1756653877.7052243,1756653878.3229208
3102.0,195.0,0.07703185081481934,2.3814940452575684,97,2,1756653878.6059651,1756653881.0644915
3318.0,257.0,1.5218918323516846,5.801558256149292,97,3,1756653881.1705966,1756653888.4940472
3599.0,300.0,0.0647728443145752,7.162063360214233,97,4,1756653888.534888,1756653895.7617247
3921.0,300.0,0.11158370971679688,3.99246883392334,97,5,1756653895.8173072,1756653899.9213605
3080.0,184.0,0.1844773292541504,2.676267147064209,119,1,1756653886.6851275,1756653889.5458724
3296.0,219.0,0.07010793685913086,3.006875514984131,119,2,1756653889.669636,1756653892.74662
3531.0,172.0,0.04549288749694824,2.2256476879119873,119,3,1756653892.8232632,1756653895.0944045
3749.0,210.0,0.07398128509521484,2.7872531414031982,119,4,1756653895.1077693,1756653897.9690046
3988.0,300.0,0.12674188613891602,4.053053855895996,119,5,1756653897.9777706,1756653902.1575668
3065.0,67.0,0.21071720123291016,0.8055438995361328,124,1,1756653888.7362032,1756653889.752465
3145.0,73.0,0.05495929718017578,0.9931619167327881,124,2,1756653889.766801,1756653890.8149233
3237.0,92.0,2.3726282119750977,2.0147781372070312,124,3,1756653890.8873782,1756653895.2747846
3349.0,62.0,1.3497850894927979,1.266939401626587,124,4,1756653895.313283,1756653897.9300082
3431.0,300.0,0.12099957466125488,4.0556299686431885,124,5,1756653897.9826715,1756653902.159302
3082.0,284.0,0.22416090965270996,3.9152615070343018,115,1,1756653885.0540988,1756653889.193522
3399.0,300.0,0.04815554618835449,4.048100709915161,115,2,1756653889.2475464,1756653893.3438032
3852.0,130.0,0.8805482387542725,2.6506311893463135,115,3,1756653893.4449139,1756653896.9760945
4135.0,210.0,0.12995171546936035,2.8311259746551514,115,4,1756653897.047863,1756653900.0089414
4562.0,157.0,0.07492208480834961,2.207906723022461,115,5,1756653900.0455935,1756653902.328423
3087.0,300.0,0.17124342918395996,3.733837127685547,99,1,1756653878.5094976,1756653882.414579
3404.0,206.0,0.05418586730957031,2.6320605278015137,99,2,1756653882.506272,1756653885.1925194
3641.0,300.0,1.9122917652130127,7.07378888130188,99,3,1756653885.262459,1756653894.2485397
3960.0,300.0,0.056532859802246094,3.9017231464385986,99,4,1756653894.2825732,1756653898.2408297
4297.0,300.0,0.04852461814880371,4.0964438915252686,99,5,1756653898.275823,1756653902.4207923
3068.0,279.0,0.6829137802124023,5.808755874633789,100,1,1756653878.915378,1756653885.4070482
3371.0,147.0,0.2789003849029541,2.025482177734375,100,2,1756653885.4641728,1756653887.768556
3545.0,287.0,0.05744457244873047,3.8875951766967773,100,3,1756653887.8206427,1756653891.7656832
3854.0,199.0,0.07348322868347168,2.6794559955596924,100,4,1756653891.8081007,1756653894.5610404
4082.0,300.0,0.9103596210479736,6.910261154174805,100,5,1756653894.5870183,1756653902.4076395
3104.0,147.0,0.2225208282470703,1.9992039203643799,131,1,1756653891.5965405,1756653893.818266
3340.0,209.0,0.04991555213928223,2.622314929962158,131,2,1756653893.8689432,1756653896.5411742
3651.0,33.0,0.5452902317047119,0.6074855327606201,131,3,1756653896.6380665,1756653897.7908428
3788.0,33.0,0.08423805236816406,0.5900042057037354,131,4,1756653897.8701866,1756653898.5444293
3899.0,223.0,0.09852051734924316,4.298835754394531,131,5,1756653898.7797053,1756653903.1770625
3086.0,300.0,1.1518385410308838,6.288019895553589,101,1,1756653879.3272302,1756653886.7670887
3444.0,300.0,0.25281405448913574,4.047781229019165,101,2,1756653886.791977,1756653891.0925727
3774.0,300.0,0.057146549224853516,3.9830212593078613,101,3,1756653891.1889052,1756653895.2290738
4105.0,300.0,0.0653386116027832,3.9879658222198486,101,4,1756653895.3108935,1756653899.3641984
4449.0,263.0,0.16875529289245605,3.6760518550872803,101,5,1756653899.394478,1756653903.2392852
3062.0,300.0,0.17383122444152832,3.824725389480591,106,1,1756653881.3671854,1756653885.3657427
3394.0,300.0,0.7213294506072998,6.217231750488281,106,2,1756653885.4654703,1756653892.4040322
3718.0,300.0,0.06417489051818848,3.890158176422119,106,3,1756653892.4159706,1756653896.3703043
4046.0,300.0,0.04308342933654785,4.031954526901245,106,4,1756653896.430805,1756653900.5058436
4367.0,238.0,0.09721589088439941,3.3569064140319824,106,5,1756653900.5535603,1756653904.0076826
3062.0,47.0,0.19672203063964844,0.6266505718231201,116,1,1756653885.4667103,1756653886.2900832
3337.0,143.0,1.5460383892059326,2.7798593044281006,116,2,1756653886.386433,1756653890.7123313
3527.0,300.0,0.09898042678833008,4.020346403121948,116,3,1756653890.7875884,1756653894.9069152
3873.0,214.0,0.05745053291320801,2.829312562942505,116,4,1756653894.9970849,1756653897.8838484
4157.0,300.0,0.27782511711120605,5.8940088748931885,116,5,1756653897.9742224,1756653904.146057
3061.0,156.0,0.16579937934875488,2.0047714710235596,105,1,1756653880.96358,1756653883.1341512
3238.0,242.0,1.8761897087097168,5.632399082183838,105,2,1756653883.221683,1756653890.7302723
3504.0,265.0,0.7840845584869385,5.350178956985474,105,3,1756653890.7859797,1756653896.9202437
3790.0,263.0,0.09606552124023438,3.560851573944092,105,4,1756653896.9490776,1756653900.605996
4073.0,300.0,0.08151054382324219,4.2514660358428955,105,5,1756653900.657537,1756653904.9905143
3084.0,300.0,0.22996115684509277,4.0432047843933105,122,1,1756653887.924015,1756653892.1971815
3402.0,253.0,0.07262921333312988,3.2791991233825684,122,2,1756653892.2123423,1756653895.564171
3677.0,170.0,0.05527997016906738,2.284029245376587,122,3,1756653895.612393,1756653897.9517026
3874.0,222.0,0.13729643821716309,2.9280667304992676,122,4,1756653897.9805048,1756653901.0458686
4128.0,300.0,0.04933476448059082,4.304206848144531,122,5,1756653901.0606244,1756653905.4141667
3061.0,39.0,0.1991415023803711,0.5204789638519287,120,1,1756653887.0980618,1756653887.8176823
3118.0,123.0,0.1575453281402588,1.5819392204284668,120,2,1756653888.0250773,1756653889.7645624
3270.0,300.0,0.05752825736999512,4.124354600906372,120,3,1756653889.7650716,1756653893.9469552
3594.0,300.0,1.5491559505462646,5.693648099899292,120,4,1756653893.9823937,1756653901.2251978
3968.0,300.0,0.05076432228088379,4.328869104385376,120,5,1756653901.2626107,1756653905.6422446
3089.0,63.0,0.20945501327514648,0.8502788543701172,130,1,1756653891.1906796,1756653892.250414
3212.0,1.0,0.9709045886993408,0.007754802703857422,130,2,1756653892.3167393,1756653893.2953992
3273.0,220.0,0.058382272720336914,4.5091094970703125,130,3,1756653893.344029,1756653897.9115212
3537.0,36.0,0.11423563957214355,0.4300682544708252,130,4,1756653897.9861336,1756653898.530438
3717.0,231.0,2.7806875705718994,5.141775369644165,130,5,1756653898.8808362,1756653906.8033
3096.0,285.0,0.3637504577636719,3.8119821548461914,129,1,1756653890.7889986,1756653894.9647315
3400.0,152.0,0.0687873363494873,1.9183626174926758,129,2,1756653894.9995117,1756653896.9866617
3583.0,227.0,0.08583784103393555,3.0458309650421143,129,3,1756653897.0501978,1756653900.1818674
3829.0,282.0,0.08458328247070312,3.9295294284820557,129,4,1756653900.2469633,1756653904.2610765
4147.0,182.0,0.2153487205505371,2.6171913146972656,129,5,1756653904.35187,1756653907.1844108
3067.0,264.0,0.14284634590148926,3.5371649265289307,121,1,1756653887.5185828,1756653891.1985946
3351.0,183.0,1.0271453857421875,3.6616575717926025,121,2,1756653891.2919648,1756653895.9807677
3559.0,284.0,0.05573439598083496,3.791368246078491,121,3,1756653896.0178761,1756653899.864979
3871.0,258.0,0.06631064414978027,3.6060662269592285,121,4,1756653899.9383948,1756653903.6107717
4222.0,300.0,0.07741594314575195,4.299133062362671,121,5,1756653903.6280184,1756653908.0045679
3065.0,300.0,0.2125692367553711,4.104387521743774,127,1,1756653889.9774148,1756653894.2943716
3395.0,81.0,0.1662135124206543,0.9738974571228027,127,2,1756653894.383186,1756653895.5232975
3490.0,300.0,0.06057572364807129,4.001276969909668,127,3,1756653895.614492,1756653899.6763453
3812.0,300.0,0.05799555778503418,4.203476428985596,127,4,1756653899.7326071,1756653903.9940813
4146.0,272.0,0.07695221900939941,3.9282052516937256,127,5,1756653904.0387607,1756653908.0439181
3149.0,90.0,0.2659754753112793,1.2027475833892822,134,1,1756653892.8252442,1756653894.2939677
3341.0,168.0,0.16751718521118164,2.099520206451416,134,2,1756653894.3849103,1756653896.6519482
3603.0,204.0,1.2113900184631348,3.7549216747283936,134,3,1756653896.7434313,1756653901.709743
3891.0,231.0,0.07110738754272461,3.3191850185394287,134,4,1756653901.773139,1756653905.163432
4214.0,300.0,0.12213587760925293,4.244664907455444,134,5,1756653905.1695662,1756653909.536367
3137.0,227.0,0.2757253646850586,2.941272497177124,132,1,1756653892.0117707,1756653895.228769
3465.0,206.0,0.07697749137878418,2.773805618286133,132,2,1756653895.3154926,1756653898.1662765
3698.0,170.0,0.04573798179626465,2.2471728324890137,132,3,1756653898.1759677,1756653900.4688795
3964.0,213.0,0.09926176071166992,2.9957730770111084,132,4,1756653900.5560443,1756653903.6510797
4247.0,204.0,1.7377266883850098,4.382724046707153,132,5,1756653903.7304275,1756653909.850879
3067.0,6.0,0.20832157135009766,0.06934237480163574,166,1,1756653905.8898742,1756653906.167539
3092.0,10.0,0.05808448791503906,0.12110590934753418,166,2,1756653906.8064256,1756653906.9856164
3117.0,26.0,0.05299019813537598,0.3497886657714844,166,3,1756653907.726269,1756653908.1290483
3161.0,32.0,0.05910801887512207,0.4048495292663574,166,4,1756653908.6514337,1756653909.1153913
3225.0,27.0,0.09801983833312988,0.3775956630706787,166,5,1756653909.5809288,1756653910.056545
3075.0,9.0,0.17641854286193848,0.10593295097351074,153,1,1756653900.558047,1756653900.8403993
3162.0,9.0,1.4688165187835693,0.1184852123260498,153,2,1756653901.4678612,1756653903.0551634
3223.0,9.0,0.055724382400512695,0.10748648643493652,153,3,1756653903.1126373,1756653903.2758489
3311.0,235.0,0.07802367210388184,3.409224271774292,153,4,1756653904.0465338,1756653907.533784
3615.0,196.0,0.0517423152923584,2.681903600692749,153,5,1756653907.6240149,1756653910.3576612
3201.0,300.0,0.267608642578125,3.86055326461792,135,1,1756653893.2361724,1756653897.3643348
3548.0,100.0,1.0374798774719238,2.3466808795928955,135,2,1756653897.4587278,1756653900.842889
3806.0,243.0,0.056153059005737305,3.4078407287597656,135,3,1756653900.8582637,1756653904.3222575
4066.0,220.0,0.21722888946533203,3.209134817123413,135,4,1756653904.35431,1756653907.7806742
4347.0,212.0,0.07143068313598633,2.9854869842529297,135,5,1756653907.8319614,1756653910.88888
3099.0,161.0,0.25470519065856934,2.216097831726074,128,1,1756653890.3771396,1756653892.847944
3282.0,120.0,1.5794732570648193,2.6096081733703613,128,2,1756653892.9243946,1756653897.1134765
3503.0,237.0,0.24076485633850098,5.531589031219482,128,3,1756653897.152587,1756653902.9249423
3754.0,182.0,0.05968022346496582,4.1596901416778564,128,4,1756653903.0096242,1756653907.2289948
4003.0,288.0,0.13572263717651367,4.117654323577881,128,5,1756653907.3188524,1756653911.5722294
3071.0,94.0,0.23634910583496094,1.1538610458374023,138,1,1756653894.5124495,1756653895.9026597
3277.0,300.0,0.04504823684692383,4.021578311920166,138,2,1756653895.917188,1756653899.9838152
3665.0,222.0,0.07410311698913574,3.1172749996185303,138,3,1756653900.048119,1756653903.2394977
3966.0,300.0,0.07289242744445801,4.337139368057251,138,4,1756653903.319983,1756653907.7300167
4316.0,300.0,0.0588679313659668,4.251940011978149,138,5,1756653907.8346012,1756653912.145409
3065.0,110.0,0.5862712860107422,2.291600465774536,125,1,1756653889.1457129,1756653892.0235853
3202.0,238.0,0.2032487392425537,4.84100604057312,125,2,1756653892.1154442,1756653897.1596994
3464.0,300.0,0.24773406982421875,4.015713930130005,125,3,1756653897.2533777,1756653901.516826
3790.0,300.0,0.2824552059173584,6.449772596359253,125,4,1756653901.5662327,1756653908.2984605
4106.0,300.0,0.11117839813232422,4.716537952423096,125,5,1756653908.3388853,1756653913.1666028
3077.0,239.0,0.17814064025878906,3.023465871810913,137,1,1756653894.0821695,1756653897.2837765
3356.0,300.0,0.07238960266113281,4.01507043838501,137,2,1756653897.3540654,1756653901.4415257
3739.0,300.0,0.13389134407043457,4.349896192550659,137,3,1756653901.4659662,1756653905.9497545
4119.0,170.0,0.11027073860168457,2.371361494064331,137,4,1756653905.9904454,1756653908.472078
4392.0,300.0,0.06393623352050781,4.704667329788208,137,5,1756653908.553609,1756653913.322213
3061.0,300.0,0.6495473384857178,6.105607032775879,126,1,1756653889.5688362,1756653896.3239913
3390.0,229.0,1.0254731178283691,5.303216457366943,126,2,1756653896.3266392,1756653902.655331
3639.0,158.0,0.4082448482513428,2.262312173843384,126,3,1756653902.6955824,1756653905.3661401
3823.0,258.0,0.04735159873962402,3.656398296356201,126,4,1756653905.3756826,1756653909.0794325
4104.0,300.0,0.0623171329498291,4.807199954986572,126,5,1756653909.1660974,1756653914.035615
3112.0,300.0,0.182328462600708,3.993759870529175,141,1,1756653895.717517,1756653899.8936055
3531.0,300.0,0.06673550605773926,4.188766002655029,141,2,1756653899.940623,1756653904.1961253
3900.0,158.0,0.07088375091552734,2.3239312171936035,141,3,1756653904.2517724,1756653906.6465878
4116.0,236.0,0.06266379356384277,3.283083200454712,141,4,1756653906.7106209,1756653910.0563679
4407.0,230.0,0.1099543571472168,3.8219172954559326,141,5,1756653910.0866797,1756653914.0185518
3114.0,103.0,0.3087022304534912,1.3804857730865479,133,1,1756653892.4185975,1756653894.1077855
3287.0,281.0,0.09388375282287598,3.6353983879089355,133,2,1756653894.1819582,1756653897.911241
3651.0,168.0,1.5616307258605957,3.7165942192077637,133,3,1756653897.988488,1756653903.2667131
3899.0,271.0,0.07419109344482422,3.863798141479492,133,4,1756653903.317629,1756653907.2556188
4217.0,300.0,0.7605068683624268,6.52071738243103,133,5,1756653907.321364,1756653914.6025887
3088.0,9.0,0.29305267333984375,0.10499787330627441,150,1,1756653899.3969557,1756653899.7950068
3160.0,9.0,0.9138565063476562,0.16189789772033691,150,2,1756653900.2490063,1756653901.3247616
3282.0,279.0,0.08604836463928223,4.027919292449951,150,3,1756653901.3692956,1756653905.483264
3596.0,300.0,0.220261812210083,4.146846294403076,150,4,1756653905.5803812,1756653909.9474902
3938.0,300.0,0.04637622833251953,4.891263246536255,150,5,1756653909.986181,1756653914.923821
3062.0,270.0,0.2904701232910156,3.6184277534484863,123,1,1756653888.3287952,1756653892.2376938
3346.0,300.0,0.05868816375732422,3.8938093185424805,123,2,1756653892.315438,1756653896.2679365
3663.0,228.0,0.054204702377319336,3.148090362548828,123,3,1756653896.3244872,1756653899.5267825
3912.0,300.0,0.8409421443939209,6.356040000915527,123,4,1756653899.6315877,1756653906.8285706
4228.0,290.0,2.455582618713379,7.115041494369507,123,5,1756653906.9105425,1756653916.481167
3136.0,300.0,0.21384620666503906,4.033334732055664,144,1,1756653896.9514513,1756653901.1986322
3517.0,246.0,0.06949734687805176,3.4915549755096436,144,2,1756653901.2650893,1756653904.8261425
3839.0,260.0,0.16303610801696777,3.7128682136535645,144,3,1756653904.8613288,1756653908.7372332
4178.0,300.0,0.047301292419433594,4.743365287780762,144,4,1756653908.7559402,1756653913.5466073
4557.0,195.0,0.05810713768005371,2.904463052749634,144,5,1756653913.5795674,1756653916.542138
3159.0,300.0,0.24633359909057617,3.993929147720337,140,1,1756653895.316883,1756653899.557148
3578.0,234.0,0.06069636344909668,3.2656121253967285,140,2,1756653899.633707,1756653902.960016
3861.0,300.0,0.09309506416320801,4.250366687774658,140,3,1756653903.0117974,1756653907.3552592
4203.0,299.0,0.17299127578735352,4.212787389755249,140,4,1756653907.419446,1756653911.8052254
4566.0,300.0,0.0763084888458252,4.899322986602783,140,5,1756653911.8263981,1756653916.80203
3100.0,5.0,0.3212406635284424,0.051197052001953125,184,1,1756653913.2569785,1756653913.6294167
3119.0,13.0,0.0812375545501709,0.17435717582702637,184,2,1756653914.0928009,1756653914.348396
3147.0,6.0,0.08139920234680176,0.06722640991210938,184,3,1756653914.9292576,1756653915.0778837
3170.0,6.0,0.08834242820739746,0.08974671363830566,184,4,1756653915.849492,1756653916.027582
3191.0,10.0,0.09189462661743164,0.14127469062805176,184,5,1756653916.7659872,1756653916.9991572
3135.0,300.0,0.19310879707336426,4.043086290359497,143,1,1756653896.5411882,1756653900.7773836
3521.0,300.0,0.06680178642272949,4.279186964035034,143,2,1756653900.8601446,1756653905.2061338
3893.0,276.0,0.0492095947265625,3.8864166736602783,143,3,1756653905.2701533,1756653909.2057796
4219.0,273.0,0.06132650375366211,4.418401718139648,143,4,1756653909.268742,1756653913.748471
4548.0,240.0,0.12706232070922852,3.6206679344177246,143,5,1756653913.781608,1756653917.5293386
3136.0,261.0,0.17658662796020508,3.301320791244507,136,1,1756653893.6617525,1756653897.1396606
3472.0,185.0,0.04936814308166504,2.491407871246338,136,2,1756653897.1550395,1756653899.6958165
3677.0,300.0,0.07332062721252441,4.199336051940918,136,3,1756653899.734781,1756653904.0074387
4026.0,193.0,1.122722864151001,4.605196475982666,136,4,1756653904.0418344,1756653909.7697537
4269.0,300.0,1.3104736804962158,6.755647420883179,136,5,1756653909.781977,1756653917.8480985
3100.0,218.0,0.21031546592712402,3.14963436126709,163,1,1756653904.6622212,1756653908.0221717
3332.0,92.0,0.09314203262329102,1.2306396961212158,163,2,1756653908.0393527,1756653909.3631349
3437.0,23.0,0.17934560775756836,0.3214097023010254,163,3,1756653909.371204,1756653909.8719592
3495.0,236.0,0.04546093940734863,3.925262689590454,163,4,1756653910.2927146,1756653914.2634392
3747.0,237.0,0.20410537719726562,3.4345250129699707,163,5,1756653914.306335,1756653917.9449658
3072.0,68.0,1.0535387992858887,1.4017119407653809,159,1,1756653903.0133653,1756653905.4686167
3166.0,69.0,0.2069694995880127,0.9731497764587402,159,2,1756653905.4803789,1756653906.6604989
3276.0,151.0,0.05868029594421387,2.1408190727233887,159,3,1756653906.7127824,1756653908.9122825
3468.0,178.0,2.477708339691162,4.275166273117065,159,4,1756653908.9665802,1756653915.7194555
3671.0,153.0,0.061499834060668945,2.330111265182495,159,5,1756653915.743925,1756653918.1355364
3109.0,241.0,1.4538946151733398,5.572897911071777,139,1,1756653894.8964305,1756653901.9232235
3424.0,300.0,0.244673490524292,4.289700508117676,139,2,1756653901.9765763,1756653906.5109508
3815.0,193.0,0.04618382453918457,2.68234920501709,139,3,1756653906.6080775,1756653909.3366113
4062.0,245.0,0.18336892127990723,4.039974927902222,139,4,1756653909.3690448,1756653913.5923896
4355.0,300.0,0.06940412521362305,4.493694305419922,139,5,1756653913.6775846,1756653918.240684
3070.0,300.0,0.2824575901031494,4.323724746704102,161,1,1756653903.83478,1756653908.4409623
3404.0,197.0,0.05975937843322754,2.7421412467956543,161,2,1756653908.4448328,1756653911.2467337
3639.0,108.0,0.12630867958068848,1.996366024017334,161,3,1756653911.3146343,1756653913.4373097
3778.0,90.0,0.10340356826782227,1.314133882522583,161,4,1756653913.472505,1756653914.8900435
3903.0,112.0,1.292982578277588,2.57004976272583,161,5,1756653914.9268029,1756653918.789836
3134.0,25.0,1.0323774814605713,0.6271779537200928,183,1,1756653912.8492956,1756653914.5088515
3199.0,16.0,0.290393590927124,0.1966240406036377,183,2,1756653914.6155746,1756653915.1025927
3252.0,13.0,0.7019388675689697,0.23488378524780273,183,3,1756653915.5459309,1756653916.4827542
3298.0,11.0,0.07005620002746582,0.1573035717010498,183,4,1756653916.5626988,1756653916.790059
3345.0,19.0,0.9061150550842285,0.3657209873199463,183,5,1756653917.4890978,1756653918.7609348
3059.0,26.0,0.25553464889526367,0.40432071685791016,190,1,1756653915.7462943,1756653916.4061503
3098.0,33.0,0.1026310920715332,0.5224618911743164,190,2,1756653916.6680071,1756653917.2931
3146.0,34.0,0.08056473731994629,0.4841787815093994,190,3,1756653917.6035814,1756653918.1683254
3197.0,44.0,0.0577394962310791,0.5931098461151123,190,4,1756653918.4302306,1756653919.0810804
3256.0,55.0,0.04892277717590332,0.7619802951812744,190,5,1756653919.26209,1756653920.0729935
3186.0,90.0,1.2099628448486328,1.8848114013671875,170,1,1756653907.5202672,1756653910.615043
3415.0,99.0,0.4091682434082031,1.8371243476867676,170,2,1756653910.7032979,1756653912.9495914
3621.0,69.0,2.2425503730773926,1.5991325378417969,170,3,1756653912.950144,1756653916.7918274
3814.0,87.0,0.43096423149108887,2.2491612434387207,170,4,1756653916.863688,1756653919.543814
3961.0,42.0,0.1339733600616455,0.5532009601593018,170,5,1756653919.579662,1756653920.2668364
3099.0,292.0,0.28356409072875977,4.0594987869262695,149,1,1756653898.9886758,1756653903.3317394
3456.0,300.0,0.06781506538391113,4.334216117858887,149,2,1756653903.4286928,1756653907.8307247
3823.0,284.0,0.07047343254089355,4.022699356079102,149,3,1756653907.9363885,1756653912.0295613
4151.0,300.0,0.14085841178894043,4.943412780761719,149,4,1756653912.1307712,1756653917.2150428
4494.0,236.0,0.07914018630981445,3.371410846710205,149,5,1756653917.279274,1756653920.7298255
3093.0,300.0,0.19578766822814941,4.023305177688599,142,1,1756653896.1246164,1756653900.3437092
3449.0,300.0,0.05620765686035156,4.192015647888184,142,2,1756653900.3483207,1756653904.5965445
3829.0,251.0,0.04978156089782715,3.6534109115600586,142,3,1756653904.6602747,1756653908.3634694
4164.0,300.0,0.06387090682983398,4.701877593994141,142,4,1756653908.442709,1756653913.208458
4535.0,247.0,2.038605213165283,5.618938207626343,142,5,1756653913.2543318,1756653920.9118762
3094.0,300.0,0.2279372215270996,4.0268261432647705,146,1,1756653897.7644238,1756653902.0191877
3455.0,190.0,0.14215946197509766,2.6492743492126465,146,2,1756653902.0769396,1756653904.868374
3707.0,300.0,1.128715991973877,7.318554401397705,146,3,1756653904.9662924,1756653913.4135635
4059.0,209.0,0.10330700874328613,3.0975489616394043,146,4,1756653913.4686053,1756653916.6694617
4353.0,300.0,0.09883308410644531,4.360321998596191,146,5,1756653916.7620997,1756653921.2212548
3174.0,37.0,0.967026948928833,0.8838596343994141,188,1,1756653914.9307992,1756653916.781686
3258.0,29.0,0.23771119117736816,0.43941521644592285,188,2,1756653916.865906,1756653917.5430324
3353.0,41.0,1.8028059005737305,0.9189770221710205,188,3,1756653917.7010858,1756653920.422869
3409.0,34.0,0.09311676025390625,0.47560954093933105,188,4,1756653920.5119095,1756653921.0806363
3473.0,42.0,0.06416535377502441,0.599888801574707,188,5,1756653921.4312432,1756653922.095298
3112.0,242.0,0.2561795711517334,3.3706626892089844,151,1,1756653899.7364545,1756653903.3632972
3403.0,240.0,0.0697474479675293,3.445751905441284,151,2,1756653903.4303484,1756653906.9458482
3689.0,260.0,0.048514604568481445,3.6872565746307373,151,3,1756653907.0123723,1756653910.7481444
4033.0,300.0,0.8194518089294434,6.632392644882202,151,4,1756653910.805636,1756653918.2574804
4373.0,293.0,0.12701678276062012,4.3106772899627686,151,5,1756653918.3184435,1756653922.756139
3067.0,286.0,0.2931852340698242,3.9919888973236084,158,1,1756653902.5949402,1756653906.8801153
3365.0,253.0,0.8299486637115479,6.230501651763916,158,2,1756653906.9131212,1756653913.973572
3636.0,249.0,0.06490206718444824,3.7407009601593018,158,3,1756653913.985197,1756653917.7908
3896.0,300.0,0.07000184059143066,4.339741230010986,158,4,1756653917.8078253,1756653922.2175705
4215.0,39.0,0.0708763599395752,0.5529091358184814,158,5,1756653922.2417228,1756653922.8655088
3064.0,42.0,0.2955789566040039,0.6108207702636719,169,1,1756653907.1174123,1756653908.023812
3118.0,179.0,0.0846242904663086,2.457811117172241,169,2,1756653908.0409105,1756653910.5833476
3321.0,298.0,0.16930079460144043,4.78926682472229,169,3,1756653910.602178,1756653915.5607462
3643.0,200.0,0.13124489784240723,3.014033079147339,169,4,1756653915.642389,1756653918.7876678
3866.0,300.0,0.04535245895385742,4.378852367401123,169,5,1756653918.8505292,1756653923.2747345
3083.0,244.0,0.9321615695953369,5.307534456253052,174,1,1756653909.170016,1756653915.4097123
3379.0,173.0,0.34012675285339355,2.6064538955688477,174,2,1756653915.4386187,1756653918.3852005
3664.0,153.0,0.060274600982666016,2.151460647583008,174,3,1756653918.4282908,1756653920.6400266
3884.0,116.0,0.0511167049407959,1.6947472095489502,174,4,1756653920.7053323,1756653922.4511971
4030.0,33.0,0.21253705024719238,0.5210702419281006,174,5,1756653922.5556223,1756653923.28923
3096.0,300.0,0.35283923149108887,4.0375566482543945,145,1,1756653897.3558486,1756653901.7462459
3455.0,282.0,0.7554395198822021,6.00705361366272,145,2,1756653901.775486,1756653908.5379791
3829.0,300.0,0.2122354507446289,6.542969465255737,145,3,1756653908.5560791,1756653915.311284
4238.0,232.0,0.16240787506103516,3.518648147583008,145,4,1756653915.3343048,1756653919.0153615
4528.0,300.0,0.07690906524658203,4.3991780281066895,145,5,1756653919.0556889,1756653923.5317764
3521.0,6.0,0.3194923400878906,0.06212353706359863,162,1,1756653904.2537377,1756653904.6353543
3559.0,15.0,1.038207769393921,0.27828073501586914,162,2,1756653905.1721218,1756653906.488611
3603.0,300.0,0.06763124465942383,4.219471216201782,162,3,1756653906.5024934,1756653910.7895975
4019.0,300.0,2.415614604949951,7.257451772689819,162,4,1756653910.807774,1756653920.4808407
4348.0,196.0,0.11371231079101562,2.9124014377593994,162,5,1756653920.505884,1756653923.5319986
3104.0,300.0,0.23245930671691895,4.344174146652222,155,1,1756653901.371161,1756653905.9477954
3492.0,245.0,0.9434905052185059,5.4152233600616455,155,2,1756653905.9928765,1756653912.351631
3797.0,271.0,0.526832103729248,4.094433546066284,155,3,1756653912.449736,1756653917.071002
4117.0,174.0,0.43969178199768066,3.779513359069824,155,4,1756653917.180508,1756653921.399713
4375.0,197.0,0.0719912052154541,3.0336854457855225,155,5,1756653921.426566,1756653924.532243
3081.0,145.0,0.2817802429199219,2.042890787124634,156,1,1756653901.776963,1756653904.1016347
3244.0,300.0,0.05833601951599121,4.342090368270874,156,2,1756653904.1491065,1756653908.549533
3578.0,243.0,0.06457233428955078,3.4311182498931885,156,3,1756653908.6495252,1756653912.1452157
3854.0,300.0,0.9885036945343018,6.576613664627075,156,4,1756653912.2369533,1756653919.8020713
4182.0,300.0,0.08376169204711914,4.5695648193359375,156,5,1756653919.8787103,1756653924.5320373
3062.0,239.0,0.2716197967529297,3.3986756801605225,160,1,1756653903.43169,1756653907.101986
3323.0,300.0,0.06471920013427734,4.3122687339782715,160,2,1756653907.1158953,1756653911.4928837
3639.0,300.0,0.05063152313232422,4.894792556762695,160,3,1756653911.5188897,1756653916.4643147
3960.0,244.0,0.07537078857421875,3.570607900619507,160,4,1756653916.5603259,1756653920.2063048
4225.0,300.0,0.0755465030670166,4.505938768386841,160,5,1756653920.2949789,1756653924.8764646
3143.0,219.0,0.26520776748657227,3.0294103622436523,167,1,1756653906.2979236,1756653909.5925436
3393.0,300.0,0.12118053436279297,4.810446262359619,167,2,1756653909.6797287,1756653914.611356
3790.0,211.0,0.1826169490814209,3.1816694736480713,167,3,1756653914.7198796,1756653918.084167
4020.0,155.0,0.06683564186096191,2.1937549114227295,167,4,1756653918.1149492,1756653920.3755405
4207.0,152.0,1.3238518238067627,3.242135763168335,167,5,1756653920.397048,1756653924.9630363
3067.0,259.0,0.8011941909790039,5.470331907272339,154,1,1756653900.9601173,1756653907.231644
3439.0,268.0,0.2698781490325928,3.748595714569092,154,2,1756653907.3235767,1756653911.3420513
3784.0,300.0,0.062417030334472656,4.889352560043335,154,3,1756653911.4134388,1756653916.365209
4107.0,300.0,0.05717873573303223,4.368994474411011,154,4,1756653916.45683,1756653920.8830037
4429.0,300.0,0.06466937065124512,4.4482104778289795,154,5,1756653920.9119146,1756653925.4247947
3065.0,261.0,0.3191843032836914,3.7406113147735596,165,1,1756653905.4820619,1756653909.541858
3348.0,241.0,0.07013726234436035,4.006941556930542,165,2,1756653909.579422,1756653913.6565015
3643.0,300.0,0.07975316047668457,4.490748643875122,165,3,1756653913.6800382,1756653918.2505405
3972.0,188.0,0.12398958206176758,2.654054641723633,165,4,1756653918.3221335,1756653921.1001782
4345.0,300.0,0.0553743839263916,4.441421985626221,165,5,1756653921.121325,1756653925.618122
3088.0,140.0,0.8049068450927734,3.055424451828003,168,1,1756653906.7144043,1756653910.574736
3255.0,259.0,0.20178842544555664,4.238448858261108,168,2,1756653910.6007125,1756653915.0409508
3560.0,169.0,0.053323984146118164,2.586852550506592,168,3,1756653915.1321843,1756653917.7723613
3756.0,248.0,0.07075619697570801,3.5850813388824463,168,4,1756653917.8099914,1756653921.4658308
4031.0,300.0,0.060968637466430664,4.398895502090454,168,5,1756653921.5302985,1756653925.990163
3081.0,300.0,0.661792516708374,5.878627300262451,147,1,1756653898.1779191,1756653904.71834
3490.0,297.0,0.26287293434143066,4.190443515777588,147,2,1756653904.76087,1756653909.2141871
3889.0,211.0,0.0633244514465332,3.0427675247192383,147,3,1756653909.2708352,1756653912.3769288
4190.0,300.0,0.4962503910064697,4.570235252380371,147,4,1756653912.4475746,1756653917.5140605
4553.0,300.0,1.1872215270996094,7.51155948638916,147,5,1756653917.6008434,1756653926.2996266
3059.0,273.0,0.22360634803771973,3.8349082469940186,164,1,1756653905.0689328,1756653909.1274474
3370.0,300.0,0.06012749671936035,4.806629657745361,164,2,1756653909.168647,1756653914.0354047
3690.0,300.0,0.07973694801330566,4.5080108642578125,164,3,1756653914.0908582,1756653918.6786067
4022.0,271.0,0.11487960815429688,3.9307000637054443,164,4,1756653918.7446258,1756653922.7902062
4325.0,240.0,0.13703560829162598,3.481362819671631,164,5,1756653922.897478,1756653926.5158765
3074.0,187.0,1.678931713104248,4.1096765995025635,178,1,1756653910.8095677,1756653916.5981767
3275.0,300.0,0.27216196060180664,4.36306357383728,178,2,1756653916.665216,1756653921.3004425
3586.0,17.0,0.4734511375427246,0.3685281276702881,178,3,1756653921.3279614,1756653922.1699407
3617.0,232.0,0.07139706611633301,3.427842617034912,178,4,1756653922.2473323,1756653925.7465723
3869.0,27.0,0.21809935569763184,0.557084321975708,178,5,1756653925.7747993,1756653926.5499835
3058.0,113.0,1.1265807151794434,2.336242198944092,157,1,1756653902.1866214,1756653905.649445
3185.0,223.0,1.4925754070281982,5.441509246826172,157,2,1756653905.6787167,1756653912.6128018
3422.0,300.0,0.7272117137908936,4.495521783828735,157,3,1756653912.6478965,1756653917.870631
3738.0,300.0,0.13247299194335938,4.309106349945068,157,4,1756653917.9080908,1756653922.3496702
4054.0,300.0,0.06638360023498535,4.378996849060059,157,5,1756653922.4525867,1756653926.8979676
3058.0,98.0,0.316967248916626,1.4593398571014404,191,1,1756653916.1554613,1756653917.931769
3174.0,76.0,1.2662937641143799,1.6774568557739258,191,2,1756653918.008104,1756653920.9518552
3265.0,97.0,0.07630038261413574,1.429722785949707,191,3,1756653921.0200841,1756653922.5261078
3395.0,168.0,0.3360714912414551,2.514296770095825,191,4,1756653922.559715,1756653925.4100838
3580.0,103.0,0.061457157135009766,1.4400274753570557,191,5,1756653925.4683414,1756653926.9698262
3123.0,300.0,0.28691887855529785,4.1548662185668945,148,1,1756653898.5785222,1756653903.0203073
3478.0,300.0,0.9480650424957275,7.166553020477295,148,2,1756653903.1107714,1756653911.225391
3881.0,166.0,0.09052133560180664,2.860328435897827,148,3,1756653911.3127725,1756653914.2636228
4128.0,300.0,0.20083045959472656,4.383045434951782,148,4,1756653914.3041742,1756653918.88805
4508.0,300.0,0.7035877704620361,7.4158265590667725,148,5,1756653918.9519844,1756653927.0713992
3061.0,66.0,0.2544515132904053,1.0209574699401855,189,1,1756653915.3364878,1756653916.6118972
3149.0,169.0,0.10454988479614258,2.518111228942871,189,2,1756653916.6667576,1756653919.2894192
3341.0,163.0,0.18739581108093262,2.3531932830810547,189,3,1756653919.3664467,1756653921.9070363
3536.0,162.0,0.06239438056945801,2.5475502014160156,189,4,1756653921.9356403,1756653924.5455856
3723.0,172.0,0.08916831016540527,2.3910937309265137,189,5,1756653924.6415205,1756653927.1217842
3111.0,286.0,0.18192386627197266,3.976789712905884,152,1,1756653900.1485376,1756653904.3072534
3474.0,300.0,0.21345090866088867,4.327680587768555,152,2,1756653904.3562112,1756653908.8973427
3830.0,300.0,1.2886826992034912,7.181731224060059,152,3,1756653908.9648087,1756653917.4352233
4165.0,238.0,0.06918096542358398,5.841442346572876,152,4,1756653917.486755,1756653923.397379
4482.0,295.0,0.11546134948730469,4.1987035274505615,152,5,1756653923.4079614,1756653927.722127
3154.0,16.0,0.29340457916259766,0.2076120376586914,194,1,1756653917.388148,1756653917.8891654
3198.0,98.0,0.12027144432067871,1.3822541236877441,194,2,1756653918.3241508,1756653919.8266773
3344.0,122.0,0.08135724067687988,1.7562341690063477,194,3,1756653919.881486,1756653921.719078
3511.0,123.0,0.10446000099182129,1.813053846359253,194,4,1756653921.7324839,1756653923.6499987
3672.0,143.0,1.0421433448791504,2.981343984603882,194,5,1756653923.7173204,1756653927.7408097
3103.0,24.0,0.2882668972015381,0.37595033645629883,210,1,1756653923.921357,1756653924.5855742
3182.0,2.0,0.07873034477233887,0.019001483917236328,210,2,1756653924.8471696,1756653924.9449022
3204.0,3.0,0.08414101600646973,0.029737472534179688,210,3,1756653925.7800949,1756653925.8939753
3220.0,3.0,0.49532461166381836,0.04096221923828125,210,4,1756653926.697985,1756653927.2342722
3469.0,2.0,0.09145092964172363,0.01673722267150879,210,5,1756653927.6301744,1756653927.7383626
3214.0,280.0,0.22197890281677246,4.532870292663574,175,1,1756653909.5829456,1756653914.3377953
3507.0,300.0,0.1503465175628662,4.477910280227661,175,2,1756653914.4008076,1756653919.0290651
3857.0,223.0,1.2306654453277588,4.803859710693359,175,3,1756653919.0583823,1756653925.0929081
4095.0,115.0,0.07671737670898438,1.5921833515167236,175,4,1756653925.1528192,1756653926.82172
4230.0,81.0,0.1047215461730957,1.060981035232544,175,5,1756653926.8986034,1756653928.0643065
3074.0,262.0,0.21279644966125488,4.342528581619263,176,1,1756653909.9885979,1756653914.5439234
3359.0,127.0,0.09754276275634766,1.9118292331695557,176,2,1756653914.6139011,1756653916.6232736
3509.0,257.0,0.0685124397277832,3.746246814727783,176,3,1756653916.6633294,1756653920.4780889
3789.0,281.0,0.10297393798828125,4.204554080963135,176,4,1756653920.5084634,1756653924.8159916
4090.0,249.0,0.07941126823425293,3.400759696960449,176,5,1756653924.8447742,1756653928.3249457
3138.0,76.0,0.3000349998474121,1.017526626586914,171,1,1756653907.9381413,1756653909.255703
3316.0,253.0,0.07438874244689941,4.1176369190216064,171,2,1756653909.2724166,1756653913.4644432
3662.0,300.0,0.11948728561401367,4.489908695220947,171,3,1756653913.4745464,1756653918.0839431
4043.0,279.0,0.08140444755554199,4.024475574493408,171,4,1756653918.1171768,1756653922.2230568
4353.0,159.0,2.2863552570343018,3.8780531883239746,171,5,1756653922.2441266,1756653928.408537
3067.0,256.0,0.27074551582336426,3.616072654724121,172,1,1756653908.3450356,1756653912.2318537
3342.0,207.0,0.053604841232299805,3.4981002807617188,172,2,1756653912.239184,1756653915.7908895
3566.0,238.0,0.09099960327148438,3.5690243244171143,172,3,1756653915.84771,1756653919.5077338
3831.0,300.0,0.134657621383667,4.41862940788269,172,4,1756653919.582144,1756653924.1354318
4152.0,290.0,0.14353561401367188,3.9961187839508057,172,5,1756653924.2265034,1756653928.3661578
3055.0,74.0,0.23385024070739746,1.0226619243621826,199,1,1756653919.4634976,1756653920.7200103
3139.0,42.0,0.12290501594543457,0.6075797080993652,199,2,1756653920.8144066,1756653921.5448914
3191.0,57.0,0.5703263282775879,1.2129781246185303,199,3,1756653921.7345889,1756653923.5178945
3275.0,168.0,0.2257547378540039,2.3658523559570312,199,4,1756653923.622144,1756653926.213751
3453.0,149.0,0.3749856948852539,3.145752429962158,199,5,1756653926.2844205,1756653929.805159
3063.0,22.0,0.2792813777923584,0.2790818214416504,214,1,1756653925.5712972,1756653926.1296604
3181.0,69.0,0.0909416675567627,0.9134020805358887,214,2,1756653926.4923077,1756653927.4966514
3276.0,43.0,0.044945478439331055,0.5770983695983887,214,3,1756653927.5285497,1756653928.150594
3377.0,30.0,0.08811092376708984,0.3887367248535156,214,4,1756653928.4571233,1756653928.9339714
3433.0,36.0,0.16200661659240723,0.47153568267822266,214,5,1756653929.372931,1756653930.0064738
3062.0,122.0,0.38097357749938965,1.7520208358764648,193,1,1756653916.9723327,1756653919.105328
3204.0,176.0,0.12361860275268555,2.532238721847534,193,2,1756653919.1615794,1756653921.8174372
3397.0,175.0,0.052234649658203125,2.67826247215271,193,3,1756653921.838304,1756653924.5688019
3598.0,139.0,0.7380945682525635,2.9310805797576904,193,4,1756653924.6440122,1756653928.3131874
3770.0,157.0,0.08965587615966797,2.040560245513916,193,5,1756653928.3479378,1756653930.4781544
3059.0,151.0,0.7678179740905762,3.21512770652771,173,1,1756653908.757975,1756653912.7409213
3228.0,127.0,0.4780545234680176,2.6724486351013184,173,2,1756653912.7484848,1756653915.8989885
3372.0,232.0,0.2435767650604248,3.4077463150024414,173,3,1756653915.947302,1756653919.598626
3627.0,277.0,0.054322004318237305,4.0867533683776855,173,4,1756653919.6745343,1756653923.8156104
3929.0,286.0,1.6543309688568115,6.719482898712158,173,5,1756653923.8179545,1756653932.191769
3062.0,278.0,0.21580815315246582,4.540600061416626,179,1,1756653911.209582,1756653915.965991
3374.0,276.0,0.14502549171447754,4.015869379043579,179,2,1756653916.0523124,1756653920.2132077
3665.0,233.0,0.0768442153930664,3.5032596588134766,179,3,1756653920.2974627,1756653923.877567
3922.0,300.0,0.06290054321289062,4.1957337856292725,179,4,1756653923.9191344,1756653928.1777694
4239.0,300.0,0.05653214454650879,4.0114686489105225,179,5,1756653928.244016,1756653932.3120172
3074.0,221.0,0.22597622871398926,3.323812961578369,185,1,1756653913.6815228,1756653917.231313
3319.0,216.0,0.0678870677947998,3.083644151687622,185,2,1756653917.2826107,1756653920.4341419
3557.0,191.0,2.194694757461548,4.703459739685059,185,3,1756653920.5103154,1756653927.40847
3776.0,183.0,0.05641531944274902,2.413918972015381,185,4,1756653927.42214,1756653929.8924742
3979.0,181.0,0.07120800018310547,2.4647505283355713,185,5,1756653929.9919853,1756653932.5279448
3239.0,216.0,0.6384134292602539,3.244600772857666,182,1,1756653912.4513447,1756653916.33436
3480.0,300.0,0.9042911529541016,7.304311513900757,182,2,1756653916.3538337,1756653924.5624368
3809.0,133.0,0.09209704399108887,1.8725972175598145,182,3,1756653924.635814,1756653926.6005087
3962.0,300.0,0.05934882164001465,3.9725818634033203,182,4,1756653926.6957216,1756653930.7276528
4280.0,124.0,0.06546425819396973,1.7090013027191162,182,5,1756653930.8049476,1756653932.5794141
3067.0,100.0,0.22761321067810059,1.440136194229126,202,1,1756653920.7077882,1756653922.3755376
3199.0,168.0,0.06921076774597168,2.538954734802246,202,2,1756653922.4549413,1756653925.0631077
3394.0,91.0,0.8099939823150635,1.9184668064117432,202,3,1756653925.1552384,1756653927.8837013
4037.0,213.0,0.09560561180114746,2.794236660003662,202,4,1756653927.937792,1756653930.8276343
4270.0,149.0,0.0536808967590332,2.110217809677124,202,5,1756653930.905612,1756653933.0695112
3058.0,241.0,0.27660608291625977,3.9932358264923096,180,1,1756653911.626493,1756653915.8963354
3318.0,280.0,1.023076057434082,6.162102460861206,180,2,1756653915.9491475,1756653923.1343265
3618.0,223.0,0.05308079719543457,3.2330129146575928,180,3,1756653923.199112,1756653926.4852066
3868.0,273.0,0.09387397766113281,3.58927583694458,180,4,1756653926.4899955,1756653930.1731458
4162.0,231.0,0.09668397903442383,3.0833089351654053,180,5,1756653930.2005036,1756653933.3804972
3080.0,300.0,0.29813194274902344,4.369207382202148,204,1,1756653921.5327573,1756653926.2000966
3401.0,67.0,0.09282636642456055,0.9023501873016357,204,2,1756653926.2866504,1756653927.2818277
3485.0,93.0,0.056069374084472656,1.2297842502593994,204,3,1756653927.3175354,1756653928.603389
3628.0,56.0,0.06703019142150879,0.779865026473999,204,4,1756653928.6570704,1756653929.503966
3699.0,300.0,0.04966259002685547,4.026407718658447,204,5,1756653929.5748556,1756653933.6509264
3063.0,206.0,0.22812676429748535,2.9382264614105225,195,1,1756653917.8118374,1756653920.9781911
3294.0,300.0,0.07494068145751953,4.447767496109009,195,2,1756653921.0218143,1756653925.5445225
3627.0,300.0,0.06293749809265137,4.03251576423645,195,3,1756653925.5693016,1756653929.6647558
3946.0,153.0,0.04189133644104004,2.093857526779175,195,4,1756653929.6786623,1756653931.8144112
4124.0,142.0,0.08806824684143066,1.8679323196411133,195,5,1756653931.8165271,1756653933.7725282
3069.0,300.0,0.2627830505371094,4.837106704711914,177,1,1756653910.4004414,1756653915.5003319
3395.0,223.0,0.8326127529144287,4.94555401802063,177,2,1756653915.5443938,1756653921.3225605
3644.0,297.0,0.0564274787902832,4.363817453384399,177,3,1756653921.3260646,1756653925.7463102
3963.0,300.0,0.09079194068908691,4.03852105140686,177,4,1756653925.7725177,1756653929.9018312
4288.0,298.0,0.06485319137573242,4.041306972503662,177,5,1756653929.989395,1756653934.095555
3058.0,26.0,0.3137509822845459,0.3658273220062256,201,1,1756653920.298986,1756653920.9785655
3111.0,300.0,0.1174001693725586,4.408045291900635,201,2,1756653921.2217155,1756653925.7471614
3451.0,244.0,0.8249335289001465,5.112610340118408,201,3,1756653925.778566,1756653931.7161107
3708.0,194.0,0.10155200958251953,2.612338066101074,201,4,1756653931.8232458,1756653934.5371358
3915.0,26.0,0.12370181083679199,0.49532103538513184,201,5,1756653934.6294732,1756653935.2484965
3058.0,145.0,0.3210740089416504,2.0222485065460205,211,1,1756653924.3282757,1756653926.6715984
3224.0,179.0,0.05856490135192871,2.382336378097534,211,2,1756653926.699979,1756653929.140881
3432.0,107.0,0.05278825759887695,1.3952810764312744,211,3,1756653929.1673844,1756653930.6154537
3605.0,298.0,0.04653191566467285,4.008249044418335,211,4,1756653930.704372,1756653934.7591536
3928.0,80.0,0.054924726486206055,1.0155811309814453,211,5,1756653934.8301032,1756653935.9006095
3110.0,225.0,0.21852612495422363,3.2387754917144775,198,1,1756653919.0685477,1756653922.52585
3385.0,214.0,0.9197919368743896,4.479323863983154,198,2,1756653922.5626962,1756653927.9618127
3623.0,276.0,0.06299448013305664,3.682785987854004,198,3,1756653928.0383387,1756653931.7841208
3964.0,179.0,0.11033987998962402,2.366553544998169,198,4,1756653931.8213332,1756653934.2982275
4154.0,136.0,0.20539641380310059,1.6947543621063232,198,5,1756653934.3123786,1756653936.21253
3415.0,61.0,0.2652461528778076,0.8062241077423096,212,1,1756653924.74385,1756653925.8153205
3516.0,238.0,0.04873394966125488,3.223940849304199,212,2,1756653925.8788562,1756653929.1515315
3769.0,28.0,1.2970662117004395,0.5352699756622314,212,3,1756653929.1694438,1756653931.00178
3838.0,300.0,0.09063076972961426,3.9843642711639404,212,4,1756653931.0083477,1756653935.083344
4168.0,117.0,0.08021903038024902,1.6067330837249756,212,5,1756653935.1366546,1756653936.8236072
3063.0,269.0,0.23949170112609863,4.436054468154907,181,1,1756653912.0317678,1756653916.7073145
3353.0,284.0,0.0970308780670166,4.129287004470825,181,2,1756653916.764704,1756653920.9910223
3659.0,251.0,0.07933163642883301,3.7789080142974854,181,3,1756653921.0180118,1756653924.8762524
3935.0,281.0,1.571918249130249,6.557778596878052,181,4,1756653924.9452188,1756653933.074916
4242.0,282.0,0.11905097961425781,3.7571027278900146,181,5,1756653933.175308,1756653937.0514622
3083.0,300.0,0.21639013290405273,4.363160133361816,197,1,1756653918.642503,1756653923.2220533
3425.0,300.0,0.048929452896118164,4.264538288116455,197,2,1756653923.301919,1756653927.6153884
3751.0,300.0,0.09112167358398438,3.996459484100342,197,3,1756653927.6282337,1756653931.7158158
4080.0,189.0,0.12502503395080566,2.582247495651245,197,4,1756653931.8190227,1756653934.5262952
4296.0,172.0,0.08228564262390137,2.283576488494873,197,5,1756653934.6268828,1756653936.9927456
3056.0,9.0,0.8479442596435547,0.15736937522888184,208,1,1756653923.0948908,1756653924.1002054
3089.0,290.0,0.2435445785522461,3.9892241954803467,208,2,1756653924.1302767,1756653928.3630455
3397.0,224.0,0.09728240966796875,2.9868931770324707,208,3,1756653928.4549594,1756653931.539136
3641.0,300.0,0.05955815315246582,3.9152657985687256,208,4,1756653931.6146207,1756653935.589445
3967.0,114.0,0.09357595443725586,1.5673115253448486,208,5,1756653935.6447778,1756653937.305666
3065.0,67.0,0.20780134201049805,0.8901190757751465,219,1,1756653927.6325362,1756653928.7304566
3145.0,73.0,0.05150246620178223,0.9187002182006836,219,2,1756653928.7579405,1756653929.7281437
3237.0,92.0,0.09212684631347656,1.2112431526184082,219,3,1756653929.7791991,1756653931.0825691
3349.0,62.0,0.9626433849334717,1.0266084671020508,219,4,1756653931.1064558,1756653933.0957084
3431.0,300.0,0.11421966552734375,4.01149845123291,219,5,1756653933.1797311,1756653937.3054497
3077.0,219.0,0.24274015426635742,3.3190529346466064,187,1,1756653914.542405,1756653918.1041987
3339.0,298.0,0.07741641998291016,4.301820993423462,187,2,1756653918.1191378,1756653922.498376
3653.0,269.0,0.2835068702697754,3.944305181503296,187,3,1756653922.558071,1756653926.785883
3940.0,300.0,1.2398407459259033,5.914520263671875,187,4,1756653926.7978666,1756653933.9522285
4269.0,300.0,0.11747002601623535,3.9638004302978516,187,5,1756653934.0031013,1756653938.084372
3072.0,226.0,0.9203228950500488,4.99114990234375,192,1,1756653916.5646665,1756653922.4761398
3323.0,188.0,0.4524726867675781,2.7328741550445557,192,2,1756653922.561497,1756653925.7468445
3534.0,232.0,0.08822250366210938,3.14749813079834,192,3,1756653925.7770402,1756653929.012761
3785.0,204.0,1.2047278881072998,4.793652057647705,192,4,1756653929.063965,1756653935.0623457
4013.0,236.0,0.07312846183776855,3.2208147048950195,192,5,1756653935.1341558,1756653938.428099
3080.0,122.0,0.9291653633117676,2.6844027042388916,200,1,1756653919.883322,1756653923.4968915
3216.0,243.0,0.23819446563720703,3.453655958175659,200,2,1756653923.512,1756653927.203851
3477.0,260.0,0.13307476043701172,3.41528058052063,200,3,1756653927.216781,1756653930.7651367
3766.0,285.0,0.06633901596069336,3.8493614196777344,200,4,1756653930.807759,1756653934.7234604
4068.0,298.0,0.06355428695678711,4.024210214614868,200,5,1756653934.7275193,1756653938.8152843
3068.0,245.0,0.3360309600830078,3.4478697776794434,209,1,1756653923.513796,1756653927.2976987
3338.0,300.0,0.0670320987701416,3.9594719409942627,209,2,1756653927.3214474,1756653931.347953
3657.0,218.0,0.11003541946411133,2.981590747833252,209,3,1756653931.4105608,1756653934.5021877
3895.0,156.0,0.07266545295715332,2.082188367843628,209,4,1756653934.6317081,1756653936.786563
4076.0,143.0,0.06905627250671387,1.935957908630371,209,5,1756653936.880534,1756653938.8855486
3175.0,49.0,0.18708109855651855,0.6203155517578125,225,1,1756653930.0928483,1756653930.9002454
3236.0,54.0,0.08818817138671875,0.7494869232177734,225,2,1756653931.0102623,1756653931.8479378
3306.0,108.0,0.05288505554199219,1.3914403915405273,225,3,1756653931.9254665,1756653933.369793
3467.0,126.0,0.8279681205749512,2.495910167694092,225,4,1756653933.3868814,1756653936.7107596
3615.0,201.0,0.06969356536865234,2.772836208343506,225,5,1756653936.7744946,1756653939.6170254
3136.0,300.0,0.40749549865722656,4.398409366607666,186,1,1756653914.0941072,1756653918.9000125
3543.0,300.0,1.9741029739379883,7.346432685852051,186,2,1756653918.9567795,1756653928.2773156
3877.0,139.0,0.07642936706542969,1.8080034255981445,186,3,1756653928.3457503,1756653930.2301836
4056.0,300.0,1.0770399570465088,5.776275634765625,186,4,1756653930.2977052,1756653937.1510212
4416.0,198.0,0.0634927749633789,2.7163023948669434,186,5,1756653937.186125,1756653939.9659204
3087.0,112.0,0.20990228652954102,1.6532821655273438,203,1,1756653921.123846,1756653922.987031
3223.0,123.0,0.077850341796875,1.8313348293304443,203,2,1756653922.9934635,1756653924.9026492
3390.0,148.0,2.761382818222046,3.2177133560180664,203,3,1756653924.9497235,1756653930.92882
3569.0,214.0,0.5718793869018555,4.964491367340088,203,4,1756653931.0060933,1756653936.5424645
3813.0,274.0,0.09962248802185059,3.7211735248565674,203,5,1756653936.5695853,1756653940.390382
3065.0,155.0,0.9809763431549072,3.241379737854004,205,1,1756653921.9377193,1756653926.1600776
3243.0,271.0,0.20537686347961426,3.6071510314941406,205,2,1756653926.1840203,1756653929.9965487
3551.0,300.0,0.06300687789916992,4.070444107055664,205,3,1756653930.0907428,1756653934.2241945
3884.0,236.0,0.2534000873565674,4.7012505531311035,205,4,1756653934.3148382,1756653939.2694898
4157.0,139.0,0.19554591178894043,1.9040205478668213,205,5,1756653939.3314102,1756653941.4309776
3057.0,81.0,0.20827579498291016,1.0617146492004395,216,1,1756653926.389522,1756653927.659515
3148.0,156.0,0.8231616020202637,3.229461908340454,216,2,1756653927.7341309,1756653931.7867544
3314.0,206.0,0.24409079551696777,3.7720584869384766,216,3,1756653931.8256435,1756653935.841793
3609.0,214.0,0.1037149429321289,2.931356191635132,216,4,1756653935.8506942,1756653938.8857656
3834.0,182.0,0.10085058212280273,2.5240862369537354,216,5,1756653938.9271812,1756653941.5521183
3088.0,300.0,0.22636938095092773,4.346437931060791,196,1,1756653918.2176807,1756653922.7904892
3488.0,220.0,0.13656044006347656,3.163980007171631,196,2,1756653922.899917,1756653926.2004573
3753.0,263.0,0.1018533706665039,3.50687575340271,196,3,1756653926.2823517,1756653929.8910809
4034.0,278.0,1.5452899932861328,6.385374546051025,196,4,1756653929.994233,1756653937.924899
4407.0,276.0,0.08108830451965332,3.8711845874786377,196,5,1756653937.9990406,1756653941.951314
3119.0,141.0,0.1325995922088623,1.8493049144744873,218,1,1756653927.2187989,1756653929.2007034
3296.0,164.0,0.06176447868347168,2.219538688659668,218,2,1756653929.2680564,1756653931.54936
3522.0,146.0,1.0388469696044922,3.3373632431030273,218,3,1756653931.6169186,1756653935.9931295
3695.0,132.0,0.13881897926330566,1.7502148151397705,218,4,1756653936.0577252,1756653937.9467597
3851.0,181.0,0.15692615509033203,3.975780487060547,218,5,1756653938.001764,1756653942.1344712
3098.0,5.0,0.2581748962402344,0.04675722122192383,242,1,1756653937.1885488,1756653937.4934819
3479.0,31.0,1.7655885219573975,0.6646816730499268,242,2,1756653938.1012623,1756653940.5315332
3838.0,49.0,0.1820077896118164,0.6807847023010254,242,3,1756653940.5806482,1756653941.4434414
4233.0,3.0,0.11915254592895508,0.027261972427368164,242,4,1756653941.494452,1756653941.640867
4405.0,3.0,0.48041653633117676,0.04429364204406738,242,5,1756653942.329205,1756653942.8539157
3066.0,265.0,0.33954620361328125,3.6045584678649902,213,1,1756653925.1587682,1756653929.102873
3363.0,202.0,0.46045517921447754,3.8644745349884033,213,2,1756653929.1712282,1756653933.4961588
3608.0,227.0,0.06364941596984863,3.0364186763763428,213,3,1756653933.4968789,1756653936.5969477
3879.0,237.0,0.0679314136505127,3.223710536956787,213,4,1756653936.6740549,1756653939.9656975
4135.0,204.0,0.07214093208312988,2.861971855163574,213,5,1756653940.0583286,1756653942.9924414
3077.0,300.0,0.2655208110809326,4.021887540817261,215,1,1756653925.978182,1756653930.2655911
3397.0,164.0,0.05274844169616699,2.2224583625793457,215,2,1756653930.300043,1756653932.5752506
3577.0,236.0,0.04253792762756348,3.0936384201049805,215,3,1756653932.6520865,1756653935.7882638
3839.0,202.0,0.06420540809631348,2.7956008911132812,215,4,1756653935.848653,1756653938.7084594
4064.0,191.0,1.075484275817871,3.949247121810913,215,5,1756653938.713048,1756653943.7377796
3303.0,300.0,0.36193156242370605,4.325649976730347,206,1,1756653922.3482873,1756653927.035869
3852.0,300.0,0.060771942138671875,3.9725286960601807,206,2,1756653927.1075938,1756653931.140895
4462.0,300.0,0.06441044807434082,3.9734601974487305,206,3,1756653931.2072895,1756653935.245161
4977.0,300.0,0.06333136558532715,4.164119720458984,206,4,1756653935.3401947,1756653939.5676465
5436.0,300.0,0.07138252258300781,4.156325817108154,206,5,1756653939.6444912,1756653943.8722
3173.0,98.0,0.2097151279449463,1.2916443347930908,217,1,1756653926.8000226,1756653928.301382
3282.0,192.0,0.9054930210113525,3.814103841781616,217,2,1756653928.350253,1756653933.0698504
3558.0,118.0,0.15415287017822266,2.235417127609253,217,3,1756653933.1779327,1756653935.5675054
3687.0,300.0,0.08636355400085449,4.130905866622925,217,4,1756653935.6473558,1756653939.8646257
4000.0,300.0,0.04336881637573242,4.222034215927124,217,5,1756653939.9545753,1756653944.2199783
3069.0,290.0,0.37473583221435547,4.151467561721802,207,1,1756653922.6973886,1756653927.2235937
3377.0,300.0,1.5955898761749268,6.942120552062988,207,2,1756653927.3197153,1756653935.857426
3690.0,35.0,0.08187341690063477,0.4937410354614258,207,3,1756653935.965537,1756653936.541152
3739.0,196.0,0.057935237884521484,2.7074553966522217,207,4,1756653936.8783188,1756653939.6437104
3946.0,300.0,0.6101789474487305,6.324986457824707,207,5,1756653939.647548,1756653946.5827138
3062.0,101.0,0.25426459312438965,1.3269765377044678,247,1,1756653939.2318838,1756653940.8131256
3177.0,91.0,0.7979440689086914,1.8800270557403564,247,2,1756653940.8902423,1756653943.568215
3284.0,54.0,0.0695657730102539,0.8116185665130615,247,3,1756653943.6527066,1756653944.5338917
3358.0,70.0,0.09926986694335938,0.9223413467407227,247,4,1756653944.580981,1756653945.6025927
3451.0,92.0,0.07061529159545898,1.2233693599700928,247,5,1756653945.6895907,1756653946.9835758
3077.0,300.0,0.25395941734313965,3.9554190635681152,223,1,1756653929.2699287,1756653933.4793081
3410.0,196.0,0.07888126373291016,2.6173551082611084,223,2,1756653933.49877,1756653936.1950073
3645.0,300.0,0.046450138092041016,4.099634885787964,223,3,1756653936.2608624,1756653940.4069476
3989.0,300.0,0.08888363838195801,4.175439834594727,223,4,1756653940.4746668,1756653944.738991
4323.0,178.0,0.051219940185546875,2.352120876312256,223,5,1756653944.7806427,1756653947.183984
3441.0,103.0,0.17630290985107422,1.2199444770812988,235,1,1756653934.3167427,1756653935.7129908
3559.0,261.0,0.05264592170715332,3.6734261512756348,235,2,1756653935.7469294,1756653939.4730024
3841.0,194.0,0.05053448677062988,2.665417432785034,235,3,1756653939.5386112,1756653942.254564
4072.0,250.0,0.058242082595825195,3.3976962566375732,235,4,1756653942.3269928,1756653945.7829316
4338.0,146.0,0.07383108139038086,1.9079136848449707,235,5,1756653945.7933857,1756653947.7751305
3063.0,9.0,0.3201577663421631,0.05237412452697754,259,1,1756653944.173775,1756653944.5463076
3104.0,37.0,0.07773160934448242,0.45972585678100586,259,2,1756653945.0821993,1756653945.6196573
3170.0,9.0,0.07490706443786621,0.09962201118469238,259,3,1756653945.9961624,1756653946.1706922
3195.0,21.0,0.07234835624694824,0.24553656578063965,259,4,1756653946.9151614,1756653947.2330468
3248.0,29.0,0.07831811904907227,0.41112542152404785,259,5,1756653947.8408964,1756653948.3303406
3060.0,151.0,0.9349193572998047,3.0127851963043213,241,1,1756653936.7781625,1756653940.7258677
3225.0,125.0,0.2332441806793213,1.731480598449707,241,2,1756653940.782618,1756653942.7473433
3382.0,131.0,0.05734753608703613,1.8081166744232178,241,3,1756653942.83541,1756653944.7008758
3527.0,189.0,0.06023144721984863,2.4890193939208984,241,4,1756653944.7833333,1756653947.3325858
3730.0,101.0,0.0763692855834961,1.399841070175171,241,5,1756653947.431859,1756653948.9080698
3065.0,80.0,0.24345684051513672,1.0217175483703613,220,1,1756653928.0408711,1756653929.3060455
3171.0,215.0,0.16021180152893066,2.9085209369659424,220,2,1756653929.3755136,1756653932.444247
3410.0,300.0,0.06467247009277344,3.9857938289642334,220,3,1756653932.5462625,1756653936.5967295
3736.0,300.0,1.4106111526489258,6.783961772918701,220,4,1756653936.676435,1756653944.8710084
4052.0,300.0,0.09258866310119629,4.030586004257202,220,5,1756653944.8823829,1756653949.0055575
3077.0,140.0,0.19519734382629395,1.8778789043426514,224,1,1756653929.6809077,1756653931.7539861
3249.0,134.0,0.10177016258239746,1.7347071170806885,224,2,1756653931.8279233,1756653933.6644013
3415.0,177.0,0.06902456283569336,2.3156256675720215,224,3,1756653933.6994693,1756653936.0841203
3691.0,300.0,0.044582366943359375,4.0940165519714355,224,4,1756653936.1604402,1756653940.2990403
4058.0,280.0,2.092116355895996,6.524846076965332,224,5,1756653940.37675,1756653948.993713
3069.0,97.0,0.1922316551208496,1.3259532451629639,238,1,1756653935.545544,1756653937.0637298
3181.0,116.0,0.056649208068847656,1.5988352298736572,238,2,1756653937.0799785,1756653938.7354634
3316.0,204.0,0.0781095027923584,2.8530023097991943,238,3,1756653938.8199248,1756653941.7510371
3957.0,148.0,1.4002654552459717,3.2318036556243896,238,4,1756653941.8041713,1756653946.4362404
4128.0,183.0,0.09631037712097168,2.4885194301605225,238,5,1756653946.5042953,1756653949.0891252
3076.0,215.0,0.2403275966644287,2.977691888809204,243,1,1756653937.5953174,1756653940.8133373
3310.0,48.0,0.0889744758605957,0.6510541439056396,243,2,1756653940.8886364,1756653941.628666
3391.0,279.0,0.10585880279541016,3.802701234817505,243,3,1756653941.80632,1756653945.7148805
3688.0,91.0,0.07190799713134766,1.2151477336883545,243,4,1756653945.797079,1756653947.0841355
3802.0,156.0,0.05098986625671387,2.0970935821533203,243,5,1756653947.1202185,1756653949.2683027
3306.0,94.0,0.20294427871704102,1.329702377319336,255,1,1756653942.5283358,1756653944.0609825
3420.0,79.0,0.06942033767700195,1.03922700881958,255,2,1756653944.0646017,1756653945.1732497
3541.0,120.0,0.04892230033874512,1.5850672721862793,255,3,1756653945.1853113,1756653946.8193011
3688.0,77.0,0.07503890991210938,0.965278148651123,255,4,1756653946.9129517,1756653947.95327
3804.0,127.0,0.05523538589477539,1.7576582431793213,255,5,1756653948.0384524,1756653949.8513465
3065.0,300.0,0.2634749412536621,3.981830596923828,222,1,1756653928.8637085,1756653933.109015
3394.0,81.0,0.1103212833404541,1.2103803157806396,222,2,1756653933.181848,1756653934.5025506
3489.0,300.0,0.0725107192993164,4.044589519500732,222,3,1756653934.6335077,1756653938.7506082
3811.0,300.0,0.08395648002624512,4.165838718414307,222,4,1756653938.8161547,1756653943.0659506
4145.0,272.0,0.9985392093658447,5.858536958694458,222,5,1756653943.1463244,1756653950.0034013
3062.0,10.0,0.2669069766998291,0.1206960678100586,256,1,1756653942.94211,1756653943.329713
3088.0,100.0,0.15653014183044434,1.3002350330352783,256,2,1756653943.8609076,1756653945.3176744
3208.0,25.0,0.0660395622253418,0.3177063465118408,256,3,1756653945.3880708,1756653945.7718174
3247.0,131.0,0.10237312316894531,1.7219548225402832,256,4,1756653946.3000708,1756653948.1243987
3414.0,149.0,0.054486751556396484,2.034496307373047,256,5,1756653948.1419342,1756653950.2309177
3061.0,300.0,0.2514212131500244,3.9871392250061035,221,1,1756653928.4620523,1756653932.7006133
3390.0,229.0,0.0562436580657959,3.0051064491271973,221,2,1756653932.7529182,1756653935.8142695
3638.0,158.0,1.1420869827270508,3.1125030517578125,221,3,1756653935.8526149,1756653940.1072059
3822.0,258.0,0.08564567565917969,3.5975899696350098,221,4,1756653940.164604,1756653943.8478403
4103.0,300.0,0.3459315299987793,6.445663213729858,221,5,1756653943.8584862,1756653950.6500819
3058.0,120.0,0.20062017440795898,1.5797154903411865,232,1,1756653933.0941358,1756653934.8744721
3201.0,174.0,0.053951263427734375,2.3450534343719482,232,2,1756653934.932205,1756653937.3312101
3481.0,300.0,0.05145454406738281,4.1587934494018555,232,3,1756653937.3927724,1756653941.6030204
3806.0,212.0,0.5660827159881592,4.533564567565918,232,4,1756653941.7051992,1756653946.8048468
4036.0,300.0,0.05014204978942871,4.054261684417725,232,5,1756653946.8139405,1756653950.9183455
3725.0,179.0,0.36900782585144043,2.4839372634887695,245,1,1756653938.4069135,1756653941.2598588
3919.0,219.0,0.05639338493347168,3.163118839263916,245,2,1756653941.2903867,1756653944.5098999
4158.0,97.0,0.10427117347717285,1.2588298320770264,245,3,1756653944.579306,1756653945.9424074
4280.0,120.0,0.06265664100646973,1.584291934967041,245,4,1756653945.993344,1756653947.6402931
4417.0,223.0,0.08647489547729492,3.0787079334259033,245,5,1756653947.7374866,1756653950.90267
3069.0,55.0,0.19722509384155273,0.7584128379821777,227,1,1756653930.9081485,1756653931.8637874
3144.0,261.0,2.0731749534606934,5.813444375991821,227,2,1756653931.9273057,1756653939.8139293
3438.0,300.0,0.06871700286865234,4.225152492523193,227,3,1756653939.8542132,1756653944.1480832
3761.0,251.0,0.06169009208679199,3.2902612686157227,227,4,1756653944.1696577,1756653947.5216095
4035.0,300.0,0.04760932922363281,4.150002717971802,227,5,1756653947.5337255,1756653951.7313392
3324.0,300.0,0.2728457450866699,3.995755672454834,233,1,1756653933.5001101,1756653937.7687123
3644.0,158.0,0.9306395053863525,3.225961923599243,233,2,1756653937.7974267,1756653941.9540286
3916.0,174.0,0.06405329704284668,2.4699440002441406,233,3,1756653942.012574,1756653944.5465717
4129.0,291.0,0.08081197738647461,3.897383451461792,233,4,1756653944.57475,1756653948.5529454
4448.0,222.0,0.06111407279968262,3.061058282852173,233,5,1756653948.556601,1756653951.6787734
3060.0,242.0,0.7847874164581299,4.723922252655029,231,1,1756653932.54812,1756653938.0568297
3323.0,300.0,0.37723803520202637,4.14778995513916,231,2,1756653938.0996332,1756653942.6246617
3654.0,47.0,0.10105514526367188,0.5999441146850586,231,3,1756653942.6289296,1756653943.3299289
3740.0,300.0,0.06614303588867188,4.011915445327759,231,4,1756653943.554086,1756653947.632145
4072.0,300.0,0.10562276840209961,4.138190269470215,231,5,1756653947.7344916,1756653951.9783046
3058.0,193.0,0.7365627288818359,3.8194663524627686,236,1,1756653934.729964,1756653939.2859938
3280.0,171.0,0.1934969425201416,2.354111909866333,236,2,1756653939.3338811,1756653941.8814905
3481.0,300.0,0.04700064659118652,4.070497035980225,236,3,1756653941.915077,1756653946.0325747
3803.0,147.0,0.06180715560913086,1.9598231315612793,236,4,1756653946.0930173,1756653948.1146479
4368.0,300.0,0.09386587142944336,4.125338554382324,236,5,1756653948.1393962,1756653952.3586006
3057.0,221.0,0.20656180381774902,2.9629690647125244,226,1,1756653930.506229,1756653933.6757603
3295.0,268.0,2.028191328048706,5.925166368484497,226,2,1756653933.7014148,1756653941.654773
3581.0,300.0,0.07561469078063965,4.091204643249512,226,3,1756653941.7032223,1756653945.8700416
3898.0,272.0,0.06268453598022461,3.634714126586914,226,4,1756653945.892278,1756653949.589677
4183.0,260.0,0.1306750774383545,3.527229070663452,226,5,1756653949.6094034,1756653953.267308
3057.0,203.0,0.19013309478759766,2.6774439811706543,234,1,1756653933.9025435,1756653936.770121
3276.0,243.0,0.07113838195800781,3.2873995304107666,234,2,1756653936.7768712,1756653940.1354098
3623.0,300.0,0.0844874382019043,4.282195806503296,234,3,1756653940.1669772,1756653944.5336611
3936.0,200.0,0.7665772438049316,4.578029632568359,234,4,1756653944.5771337,1756653949.9217427
4246.0,229.0,0.06510210037231445,3.1275012493133545,234,5,1756653950.0135696,1756653953.2061732
3071.0,300.0,0.20662260055541992,4.166465520858765,244,1,1756653938.003953,1756653942.3770418
3394.0,300.0,0.046242475509643555,4.05671763420105,244,2,1756653942.4276977,1756653946.530658
3717.0,190.0,0.08446335792541504,2.551820993423462,244,3,1756653946.6078346,1756653949.2441196
3922.0,143.0,0.04683423042297363,1.9600286483764648,244,4,1756653949.2807162,1756653951.287579
4111.0,131.0,0.08473372459411621,1.794717788696289,244,5,1756653951.34987,1756653953.229322
3061.0,300.0,0.2736928462982178,3.953468084335327,230,1,1756653932.1305335,1756653936.3576953
3382.0,246.0,0.05670452117919922,3.378342628479004,230,2,1756653936.3656907,1756653939.8007388
3646.0,300.0,0.06950139999389648,4.222576379776001,230,3,1756653939.8561893,1756653944.148267
3974.0,300.0,0.6147708892822266,6.392190933227539,230,4,1756653944.1718147,1756653951.1787765
4288.0,237.0,0.11920881271362305,3.2019505500793457,230,5,1756653951.2447138,1756653954.5658731
3072.0,265.0,0.19028687477111816,3.4490835666656494,229,1,1756653931.7179928,1756653935.357364
3376.0,239.0,0.04500865936279297,3.3011183738708496,229,2,1756653935.4435914,1756653938.7897186
3675.0,236.0,0.08303642272949219,3.287593126296997,229,3,1756653938.8183148,1756653942.1889443
3935.0,300.0,0.10336971282958984,4.045908212661743,229,4,1756653942.2185907,1756653946.36787
4303.0,300.0,1.4092950820922852,7.048937797546387,229,5,1756653946.4036016,1756653954.861836
3081.0,300.0,0.2084798812866211,3.9232890605926514,228,1,1756653931.3099723,1756653935.4417417
3396.0,300.0,1.2805142402648926,6.672616720199585,228,2,1756653935.544022,1756653943.497153
3719.0,300.0,0.07267403602600098,4.015151500701904,228,3,1756653943.5522375,1756653947.6400633
4060.0,240.0,0.0732271671295166,3.3148751258850098,228,4,1756653947.7323606,1756653951.1204636
4315.0,300.0,0.10174965858459473,3.950195550918579,228,5,1756653951.1410887,1756653955.1930346
3475.0,124.0,1.199824571609497,2.745832681655884,248,1,1756653939.6497626,1756653943.5954204
3621.0,300.0,0.2564072608947754,3.952592372894287,248,2,1756653943.6546278,1756653947.8636281
3944.0,119.0,0.07562685012817383,1.5970072746276855,248,3,1756653947.9411573,1756653949.613792
4085.0,86.0,0.07367348670959473,1.1671664714813232,248,4,1756653949.706462,1756653950.9473026
4196.0,151.0,0.5950126647949219,3.526315927505493,248,5,1756653951.04301,1756653955.1643395
3061.0,23.0,1.056687355041504,0.4908480644226074,271,1,1756653949.0774474,1756653950.6249833
3095.0,21.0,0.22091007232666016,0.2716696262359619,271,2,1756653950.6275606,1756653951.1201408
3126.0,31.0,0.08671832084655762,0.385451078414917,271,3,1756653951.5548365,1756653952.027006
3172.0,24.0,1.0459628105163574,0.5557243824005127,271,4,1756653952.4739778,1756653954.0756657
3206.0,27.0,0.6023249626159668,0.5198564529418945,271,5,1756653954.1226578,1756653955.2448397
3089.0,223.0,0.22478914260864258,3.0151352882385254,239,1,1756653935.9673357,1756653939.2072606
3333.0,235.0,0.04470014572143555,3.291064739227295,239,2,1756653939.230279,1756653942.5660446
3590.0,243.0,1.1622812747955322,5.711748361587524,239,3,1756653942.631045,1756653949.505075
3848.0,49.0,1.2939801216125488,1.1415176391601562,239,4,1756653949.611774,1756653952.047273
3921.0,271.0,0.09475398063659668,3.5194242000579834,239,5,1756653952.064887,1756653955.6790652
3076.0,147.0,0.19246602058410645,2.0396454334259033,254,1,1756653942.1191835,1756653944.3512971
3364.0,166.0,1.803675889968872,3.4728198051452637,254,2,1756653944.3724048,1756653949.6489012
3596.0,291.0,0.0787501335144043,3.9584569931030273,254,3,1756653949.7087135,1756653953.7459214
3918.0,100.0,0.058264970779418945,1.2408885955810547,254,4,1756653953.8119168,1756653955.1110709
4048.0,118.0,0.06823587417602539,1.5780284404754639,254,5,1756653955.1501522,1756653956.796418
3173.0,61.0,0.19946527481079102,0.78948974609375,279,1,1756653952.375931,1756653953.3648863
3251.0,58.0,0.07866954803466797,0.7680022716522217,279,2,1756653953.4031367,1756653954.2498085
3329.0,92.0,0.17515921592712402,1.0349013805389404,279,3,1756653954.3283997,1756653955.5384603
3438.0,64.0,0.06312346458435059,0.8849873542785645,279,4,1756653955.5668066,1756653956.514918
3521.0,57.0,0.06261181831359863,0.6825857162475586,279,5,1756653956.5819347,1756653957.3271322
3339.0,300.0,0.20697617530822754,4.143224716186523,246,1,1756653938.8214548,1756653943.1716564
3972.0,242.0,0.05497860908508301,3.273279905319214,246,2,1756653943.2493088,1756653946.5775678
4236.0,285.0,0.08469510078430176,3.8168766498565674,246,3,1756653946.6100087,1756653950.511582
4535.0,258.0,0.059433698654174805,3.515305757522583,246,4,1756653950.5270844,1756653954.1018245
4810.0,300.0,0.0815122127532959,3.8840367794036865,246,5,1756653954.1154773,1756653958.0810268
3067.0,94.0,0.36975836753845215,1.2803230285644531,251,1,1756653940.891598,1756653942.5416803
3182.0,293.0,0.10095620155334473,3.934920072555542,251,2,1756653942.6327167,1756653946.668593
3487.0,230.0,0.07602882385253906,3.088286876678467,251,3,1756653946.7106252,1756653949.8749416
3751.0,300.0,0.07257390022277832,4.068148374557495,251,4,1756653949.9140406,1756653954.0547636
4072.0,300.0,0.09362959861755371,3.8813111782073975,251,5,1756653954.1181278,1756653958.093069
3065.0,171.0,0.20441627502441406,2.374044418334961,253,1,1756653941.70712,1756653944.2855823
3293.0,137.0,0.8778247833251953,2.9590237140655518,253,2,1756653944.37085,1756653948.2076993
3451.0,209.0,0.05666470527648926,2.870150327682495,253,3,1756653948.243358,1756653951.170173
3678.0,214.0,0.08049154281616211,2.8827743530273438,253,4,1756653951.2473242,1756653954.2105904
3911.0,298.0,0.04318046569824219,3.8633320331573486,253,5,1756653954.2254682,1756653958.1319811
3077.0,27.0,0.17403054237365723,0.328399658203125,261,1,1756653944.9818006,1756653945.4842312
3181.0,91.0,0.06091046333312988,1.216820240020752,261,2,1756653945.8944542,1756653947.1721854
3335.0,293.0,0.04298043251037598,4.003048658370972,261,3,1756653947.221251,1756653951.2672822
3649.0,300.0,0.07773137092590332,3.9007174968719482,261,4,1756653951.3523996,1756653955.3308496
3967.0,224.0,0.07931160926818848,2.9556961059570312,261,5,1756653955.3586469,1756653958.3936555
3078.0,115.0,0.20958375930786133,1.4836761951446533,264,1,1756653946.1982272,1756653947.8914876
3254.0,300.0,0.07595396041870117,4.1479222774505615,264,2,1756653947.9444141,1756653952.1682925
3566.0,34.0,0.05349469184875488,0.421572208404541,264,3,1756653952.2668521,1756653952.7419198
3653.0,300.0,0.09963679313659668,3.921583414077759,264,4,1756653953.2027922,1756653957.2240129
4003.0,186.0,0.06113743782043457,2.3893496990203857,264,5,1756653957.2934844,1756653959.7439725
3165.0,85.0,0.2893388271331787,1.112394094467163,240,1,1756653936.3672307,1756653937.768964
3343.0,130.0,0.0497434139251709,1.820723533630371,240,2,1756653937.7990496,1756653939.669517
3494.0,300.0,1.238173484802246,6.400983095169067,240,3,1756653939.7535908,1756653947.392748
3818.0,254.0,0.07397866249084473,3.476898193359375,240,4,1756653947.4293373,1756653950.9802148
4196.0,274.0,2.217773675918579,6.638840436935425,240,5,1756653951.0403557,1756653959.8969707
3150.0,97.0,0.2035081386566162,1.3250219821929932,272,1,1756653949.5391192,1756653951.0676498
3260.0,106.0,0.5573680400848389,2.181155204772949,272,2,1756653951.1454773,1756653953.8840008
3510.0,113.0,0.05480670928955078,1.4286813735961914,272,3,1756653953.9113302,1756653955.394819
3783.0,214.0,0.048462629318237305,2.8376853466033936,272,4,1756653955.4622834,1756653958.3484318
4027.0,116.0,0.059131622314453125,1.4749999046325684,272,5,1756653958.4310207,1756653959.9651527
3117.0,32.0,0.18245339393615723,0.44471144676208496,276,1,1756653951.1471355,1756653951.7743003
3198.0,19.0,0.09468555450439453,0.22205662727355957,276,2,1756653952.0691018,1756653952.385844
3265.0,20.0,0.8466427326202393,0.4394383430480957,276,3,1756653952.9779034,1756653954.2639863
3533.0,204.0,0.19467639923095703,2.5274734497070312,276,4,1756653954.3262088,1756653957.0483587
3925.0,133.0,0.7693874835968018,2.980633020401001,276,5,1756653957.0913684,1756653960.841389
3067.0,82.0,2.192049741744995,1.8515281677246094,266,1,1756653947.0156739,1756653951.0592523
3162.0,153.0,0.28610754013061523,2.036588191986084,266,2,1756653951.1436446,1756653953.4663403
3337.0,129.0,0.051656484603881836,1.616743803024292,266,3,1756653953.5013883,1756653955.1697896
3480.0,300.0,0.1043550968170166,3.901148796081543,266,4,1756653955.2609015,1756653959.2664058
3798.0,154.0,0.18706965446472168,1.938344955444336,266,5,1756653959.3452585,1756653961.4706736
3067.0,201.0,0.9541499614715576,4.014423131942749,237,1,1756653935.1388762,1756653940.1074505
3284.0,299.0,0.3168306350708008,4.160799741744995,237,2,1756653940.168635,1756653944.6462662
3610.0,247.0,1.8787367343902588,5.784918308258057,237,3,1756653944.6752963,1756653952.3389523
3873.0,225.0,0.20575642585754395,4.907144784927368,237,4,1756653952.3736231,1756653957.4865243
4117.0,300.0,0.07700753211975098,3.929656744003296,237,5,1756653957.4967897,1756653961.503454
3060.0,26.0,0.17909002304077148,0.3542153835296631,283,1,1756653954.0175257,1756653954.5508316
3098.0,14.0,0.0542452335357666,0.16478633880615234,283,2,1756653954.9450665,1756653955.1640985
3127.0,13.0,0.9250118732452393,0.26624608039855957,283,3,1756653955.8722873,1756653957.0635452
3151.0,16.0,0.7936670780181885,0.3149840831756592,283,4,1756653957.093752,1756653958.2024038
3194.0,300.0,0.08680295944213867,3.9123337268829346,283,5,1756653958.218953,1756653962.21809
3097.0,27.0,0.20937728881835938,0.33030080795288086,288,1,1756653956.0784912,1756653956.6181703
3364.0,90.0,0.06946039199829102,1.168886661529541,288,2,1756653956.9906628,1756653958.2290106
3473.0,56.0,0.05118298530578613,0.6815066337585449,288,3,1756653958.324564,1756653959.0572536
3552.0,103.0,0.04340410232543945,1.3948605060577393,288,4,1756653959.240715,1756653960.6789804
3679.0,121.0,0.05350041389465332,1.5683774948120117,288,5,1756653960.7723522,1756653962.3942308
3548.0,2.0,1.624734878540039,0.024813413619995117,294,1,1756653958.5310566,1756653960.1806056
3566.0,2.0,0.3335690498352051,0.012935400009155273,294,2,1756653960.2655373,1756653960.6120424
3583.0,2.0,0.05824017524719238,0.015627145767211914,294,3,1756653961.1829286,1756653961.2567964
3599.0,2.0,0.08067727088928223,0.012428522109985352,294,4,1756653962.1069705,1756653962.2000768
3617.0,2.0,0.0688788890838623,0.014632940292358398,294,5,1756653963.025203,1756653963.1087153
3063.0,233.0,0.19294285774230957,3.2286581993103027,249,1,1756653940.0608299,1756653943.4824314
3320.0,123.0,1.1084434986114502,2.8945281505584717,249,2,1756653943.5558822,1756653947.5588543
3465.0,300.0,0.07210564613342285,4.153177261352539,249,3,1756653947.634018,1756653951.8593013
3784.0,300.0,0.0713648796081543,3.953918933868408,249,4,1756653951.9632838,1756653955.9885728
4103.0,300.0,0.6780989170074463,6.61714506149292,249,5,1756653956.0740647,1756653963.3693116
3072.0,300.0,0.27661681175231934,4.103858947753906,252,1,1756653941.291969,1756653945.6724458
3398.0,300.0,0.08252549171447754,4.03960108757019,252,2,1756653945.692039,1756653949.8141658
3723.0,300.0,0.08298134803771973,4.073298692703247,252,3,1756653949.9166582,1756653954.0729387
4045.0,170.0,0.08857393264770508,2.209071636199951,252,4,1756653954.1207988,1756653956.418445
4240.0,274.0,0.7124500274658203,6.061702251434326,252,5,1756653956.481206,1756653963.2553587
3069.0,12.0,0.21614861488342285,0.1470348834991455,269,1,1756653948.2451906,1756653948.6083744
3189.0,300.0,0.059331655502319336,4.0643150806427,269,2,1756653949.1836052,1756653953.3072524
3510.0,299.0,0.08218741416931152,3.857663631439209,269,3,1756653953.4009645,1756653957.340816
3821.0,282.0,0.061667680740356445,3.699608325958252,269,4,1756653957.3962867,1756653961.1575632
4114.0,170.0,0.06018233299255371,2.229949951171875,269,5,1756653961.1806257,1756653963.470759
3070.0,138.0,0.2540903091430664,1.9145796298980713,274,1,1756653950.325041,1756653952.493711
3237.0,300.0,0.0452573299407959,3.9565911293029785,274,2,1756653952.5764744,1756653956.5783234
3582.0,1.0,0.06679248809814453,0.0010089874267578125,274,3,1756653956.5801232,1756653956.6479259
3598.0,300.0,0.07777810096740723,3.923304557800293,274,4,1756653957.500776,1756653961.5018587
3912.0,43.0,1.205125331878662,0.859727144241333,274,5,1756653961.595573,1756653963.6604257
3065.0,265.0,0.22468137741088867,3.499993085861206,260,1,1756653944.5827649,1756653948.30744
3345.0,212.0,0.11470293998718262,2.9051194190979004,260,2,1756653948.345134,1756653951.3649578
3573.0,278.0,0.6951818466186523,5.912837982177734,260,3,1756653951.4503608,1756653958.058381
3866.0,247.0,0.0777287483215332,3.2042675018310547,260,4,1756653958.108423,1756653961.3904197
4128.0,205.0,0.09109854698181152,2.734724521636963,260,5,1756653961.4851346,1756653964.3109581
3233.0,67.0,1.6020052433013916,1.6012978553771973,284,1,1756653954.4269435,1756653957.6302466
3341.0,77.0,0.135115385055542,0.97574782371521,284,2,1756653957.7007358,1756653958.8115997
3439.0,131.0,0.0624241828918457,1.75032639503479,284,3,1756653958.840636,1756653960.6533875
3590.0,131.0,0.09611153602600098,1.7007036209106445,284,4,1756653960.6695876,1756653962.4664032
3745.0,80.0,0.3608369827270508,1.6803703308105469,284,5,1756653962.5183172,1756653964.559525
3081.0,56.0,0.9692423343658447,1.2187509536743164,285,1,1756653954.8482609,1756653957.0362542
3156.0,87.0,0.7929658889770508,1.8935606479644775,285,2,1756653957.0956109,1756653959.782138
3282.0,57.0,0.15872883796691895,0.7831025123596191,285,3,1756653959.850972,1756653960.7928038
3356.0,94.0,0.042775869369506836,1.2195203304290771,285,4,1756653960.878739,1756653962.141037
3472.0,193.0,0.05974555015563965,2.591377019882202,285,5,1756653962.2044644,1756653964.8555877
3146.0,35.0,0.18106794357299805,0.40718507766723633,293,1,1756653958.1223092,1756653958.7105627
3462.0,108.0,0.07558965682983398,1.4173831939697266,293,2,1756653959.0393615,1756653960.5323348
3869.0,106.0,0.054262399673461914,1.4096460342407227,293,3,1756653960.5718482,1756653962.0357583
4095.0,91.0,1.2447233200073242,2.0851454734802246,293,4,1756653962.1050591,1756653965.4349282
4274.0,39.0,0.15062403678894043,0.5413365364074707,293,5,1756653965.440296,1756653966.1322572
3083.0,296.0,0.26729631423950195,3.8637115955352783,258,1,1756653943.7539718,1756653947.8849802
3401.0,300.0,1.8478295803070068,6.306666135787964,258,2,1756653947.94306,1756653956.097556
3721.0,300.0,0.12563800811767578,3.851806879043579,258,3,1756653956.1777723,1756653960.155218
4042.0,300.0,0.13512563705444336,3.9938793182373047,258,4,1756653960.1660779,1756653964.295087
4361.0,167.0,0.19663286209106445,2.0863749980926514,258,5,1756653964.299099,1756653966.5821068
3070.0,184.0,0.30054140090942383,2.5229384899139404,270,1,1756653948.6634164,1756653951.4868972
3277.0,244.0,0.08718752861022949,3.2012252807617188,270,2,1756653951.5532515,1756653954.8416648
3548.0,300.0,0.06440591812133789,3.9114270210266113,270,3,1756653954.8465695,1756653958.8224037
3911.0,300.0,0.06731724739074707,4.008176565170288,270,4,1756653958.8384914,1756653962.9139862
4250.0,277.0,0.08002448081970215,3.647000551223755,270,5,1756653962.9269037,1756653966.6539292
3064.0,300.0,0.20517492294311523,4.151260852813721,250,1,1756653940.4802344,1756653944.8366706
3384.0,300.0,0.07421469688415527,4.03108549118042,250,2,1756653944.8853312,1756653948.9906316
3703.0,300.0,0.06535816192626953,4.088812351226807,250,3,1756653949.075453,1756653953.229624
4022.0,266.0,0.8129942417144775,5.76771354675293,250,4,1756653953.2909575,1756653959.8716657
4310.0,234.0,1.4407575130462646,5.392265558242798,250,5,1756653959.9606912,1756653966.7937143
3065.0,78.0,0.19336700439453125,1.1045079231262207,281,1,1756653953.20499,1756653954.502865
3157.0,136.0,0.044661521911621094,1.7941679954528809,281,2,1756653954.6421945,1756653956.4810247
3543.0,96.0,0.9012689590454102,2.3863251209259033,281,3,1756653956.5842474,1756653959.8718421
3654.0,114.0,0.20714783668518066,2.598599910736084,281,4,1756653959.96311,1756653962.7688582
3796.0,300.0,0.06594681739807129,3.958063840866089,281,5,1756653962.823493,1756653966.8475037
3063.0,119.0,0.8812918663024902,2.3955256938934326,267,1,1756653947.4342165,1756653950.7110345
3221.0,278.0,0.334702730178833,3.709841728210449,267,2,1756653950.7282207,1756653954.7727659
3542.0,300.0,0.07234001159667969,3.9056546688079834,267,3,1756653954.8446329,1756653958.8226283
3879.0,300.0,0.055992841720581055,4.01183819770813,267,4,1756653958.8348267,1756653962.9026585
4219.0,300.0,0.07018041610717773,3.962123155593872,267,5,1756653962.9244587,1756653966.9567623
3283.0,300.0,0.21104931831359863,4.023137092590332,257,1,1756653943.3516297,1756653947.5858169
3594.0,300.0,0.06751036643981934,4.156313180923462,257,2,1756653947.635829,1756653951.8596525
3928.0,300.0,0.06652212142944336,3.9553961753845215,257,3,1756653951.9658883,1756653955.9878073
4262.0,131.0,0.07176327705383301,1.7087445259094238,257,4,1756653956.0765364,1756653957.8570461
4453.0,300.0,2.2681427001953125,6.916442155838013,257,5,1756653957.9016907,1756653967.0862763
3066.0,288.0,0.21963286399841309,3.9556071758270264,268,1,1756653947.8433335,1756653952.018574
3374.0,237.0,0.09715938568115234,3.0567171573638916,268,2,1756653952.067764,1756653955.2216413
3631.0,300.0,0.10129237174987793,3.8999364376068115,268,3,1756653955.2631345,1756653959.2643638
3952.0,288.0,0.18273687362670898,3.758993625640869,268,4,1756653959.3476992,1756653963.2894304
4255.0,300.0,0.07146382331848145,3.986765146255493,268,5,1756653963.380703,1756653967.4389324
3099.0,300.0,1.1983342170715332,6.258265018463135,263,1,1756653945.8001032,1756653953.2567027
3523.0,300.0,0.2606086730957031,3.8720288276672363,263,2,1756653953.2932472,1756653957.4258864
3887.0,300.0,0.07530331611633301,3.929107427597046,263,3,1756653957.499225,1756653961.5036361
4216.0,133.0,0.0644066333770752,1.7478013038635254,263,4,1756653961.5912921,1756653963.4035006
4385.0,300.0,0.0830221176147461,3.9480316638946533,263,5,1756653963.4814007,1756653967.512455
3064.0,197.0,0.3997197151184082,2.337568759918213,280,1,1756653952.7774124,1756653955.514701
3286.0,300.0,0.06007742881774902,3.9153270721435547,280,2,1756653955.5690308,1756653959.544436
3628.0,300.0,0.04877877235412598,4.028833389282227,280,3,1756653959.6449418,1756653963.7225544
3961.0,300.0,0.059490203857421875,3.920375347137451,280,4,1756653963.794054,1756653967.77392
4297.0,1.0,0.053591251373291016,0.0043866634368896484,280,5,1756653967.7859154,1756653967.8438938
3063.0,76.0,1.0426552295684814,1.837644338607788,273,1,1756653949.9185987,1756653952.7988987
3163.0,155.0,0.3105885982513428,1.898862600326538,273,2,1756653952.877407,1756653955.086859
3335.0,221.0,0.06764984130859375,2.9228897094726562,273,3,1756653955.152708,1756653958.1432483
3607.0,233.0,0.8320026397705078,5.015849590301514,273,4,1756653958.2168028,1756653964.0646555
3856.0,300.0,0.0695490837097168,3.8943228721618652,273,5,1756653964.0975938,1756653968.0614667
3061.0,70.0,0.2698237895965576,0.8947443962097168,262,1,1756653945.3898242,1756653946.5543926
3174.0,179.0,1.1088635921478271,3.726627826690674,262,2,1756653946.6119702,1756653951.4474618
3401.0,186.0,0.6928906440734863,3.7744312286376953,262,3,1756653951.452277,1756653955.9195995
3605.0,294.0,0.07057881355285645,6.44521689414978,262,4,1756653955.973605,1756653962.489401
3931.0,275.0,0.28625941276550293,5.549750804901123,262,5,1756653962.5129273,1756653968.3489375
3095.0,199.0,0.6727430820465088,4.183506965637207,275,1,1756653950.7299871,1756653955.5862372
3353.0,199.0,0.4008979797363281,2.585055351257324,275,2,1756653955.6695144,1756653958.6554685
3584.0,243.0,0.04918193817138672,3.228837013244629,275,3,1756653958.7319968,1756653962.0100176
3866.0,247.0,0.0706629753112793,3.255244731903076,275,4,1756653962.102924,1756653965.4288323
4155.0,247.0,0.07456707954406738,3.149195432662964,275,5,1756653965.4362962,1756653968.6600602
3063.0,130.0,0.20873093605041504,1.7352426052093506,277,1,1756653951.5569837,1756653953.5009584
3210.0,241.0,1.2336819171905518,5.23061728477478,277,2,1756653953.5032818,1756653959.9675815
3470.0,205.0,0.05391860008239746,2.7640416622161865,277,3,1756653960.0616941,1756653962.8796551
3699.0,255.0,0.08109903335571289,3.369645595550537,277,4,1756653962.9292665,1756653966.3800118
3975.0,194.0,0.06036257743835449,2.402858018875122,277,5,1756653966.4569764,1756653968.9201984
3063.0,10.0,0.17174053192138672,0.10302257537841797,290,1,1756653956.8906443,1756653957.165408
3091.0,300.0,0.11367583274841309,3.888803720474243,290,2,1756653957.8011668,1756653961.8036463
3411.0,148.0,0.09330201148986816,1.9458632469177246,290,3,1756653961.8981085,1756653963.9372742
3591.0,207.0,0.06111741065979004,2.7319984436035156,290,4,1756653963.9982824,1756653966.7913983
3822.0,227.0,0.06524825096130371,2.8399195671081543,290,5,1756653966.8731031,1756653969.7782722
3154.0,73.0,0.18767333030700684,0.9972498416900635,297,1,1756653959.7509155,1756653960.9358392
3251.0,147.0,0.04642629623413086,1.949280023574829,297,2,1756653960.9771314,1756653962.9728382
3422.0,173.0,0.07657170295715332,2.2643303871154785,297,3,1756653963.029949,1756653965.3708532
3648.0,300.0,0.12293457984924316,3.777904748916626,297,4,1756653965.4423409,1756653969.343181
3985.0,39.0,0.2255110740661621,0.5068917274475098,297,5,1756653969.420832,1756653970.1532354
3076.0,16.0,0.19791936874389648,0.18174076080322266,278,1,1756653951.967663,1756653952.3473237
3165.0,300.0,1.7380154132843018,7.149681568145752,278,2,1756653952.8792856,1756653961.7669835
3497.0,22.0,0.054273366928100586,0.3023097515106201,278,3,1756653961.8005235,1756653962.1571085
3541.0,38.0,0.07549452781677246,0.4793853759765625,278,4,1756653962.720628,1756653963.2755084
3624.0,300.0,1.2529399394989014,6.100152015686035,278,5,1756653963.590069,1756653970.943162
3145.0,4.0,0.8911824226379395,0.062238216400146484,316,1,1756653967.486985,1756653968.4404073
3161.0,16.0,0.05872225761413574,0.21030020713806152,316,2,1756653968.5054936,1756653968.7745166
3187.0,15.0,0.2897040843963623,0.1973254680633545,316,3,1756653969.4250257,1756653969.912056
3215.0,15.0,0.21809720993041992,0.1751995086669922,316,4,1756653970.3542762,1756653970.7475739
3242.0,11.0,0.0780329704284668,0.25301241874694824,316,5,1756653971.262348,1756653971.5933957
3081.0,300.0,0.176283597946167,4.035987138748169,265,1,1756653946.613107,1756653950.8253784
3419.0,281.0,0.6631209850311279,6.89062762260437,265,2,1756653950.8332195,1756653958.386969
3726.0,300.0,0.06353425979614258,3.9380602836608887,265,3,1756653958.4250855,1756653962.4266806
4079.0,293.0,1.4698171615600586,5.825683355331421,265,4,1756653962.5153763,1756653969.8108773
4397.0,151.0,0.06350564956665039,1.8784029483795166,265,5,1756653969.8340678,1756653971.7759764
3119.0,37.0,0.18757390975952148,0.47667670249938965,282,1,1756653953.6082332,1756653954.2724838
3193.0,137.0,0.06416845321655273,1.8087244033813477,282,2,1756653954.5482745,1756653956.421168
3399.0,300.0,1.1769001483917236,6.482744216918945,282,3,1756653956.4835413,1756653964.143186
3741.0,300.0,0.08478760719299316,3.872448682785034,282,4,1756653964.2036126,1756653968.1608493
4071.0,300.0,0.05200791358947754,3.7816810607910156,282,5,1756653968.19711,1756653972.0307996
3102.0,4.0,0.2997305393218994,0.04106259346008301,321,1,1756653969.5294888,1756653969.8702822
3151.0,5.0,0.12063384056091309,0.059864044189453125,321,2,1756653970.4503043,1756653970.6308026
3217.0,16.0,0.20068955421447754,0.04222726821899414,321,3,1756653971.3634038,1756653971.6063206
3344.0,57.0,0.04796934127807617,0.7337837219238281,321,4,1756653972.2230272,1756653973.004781
3593.0,4.0,0.6061303615570068,0.08343219757080078,321,5,1756653973.1354609,1756653973.8250244
3060.0,221.0,0.17417645454406738,2.9297940731048584,295,1,1756653958.9417562,1756653962.0457273
3297.0,49.0,0.07758092880249023,0.6724071502685547,295,2,1756653962.108827,1756653962.8588157
3363.0,300.0,0.06587719917297363,3.9551196098327637,295,3,1756653963.027611,1756653967.0486083
3683.0,170.0,0.9740417003631592,3.8795289993286133,295,4,1756653967.0746021,1756653971.9281735
3874.0,192.0,0.06852555274963379,2.441650390625,295,5,1756653972.0180418,1756653974.5282183
3072.0,55.0,0.9505116939544678,1.3257975578308105,300,1,1756653960.978734,1756653963.2550433
3172.0,198.0,0.13709020614624023,2.6626131534576416,300,2,1756653963.3833098,1756653966.1830137
3395.0,180.0,0.06021285057067871,2.236351728439331,300,3,1756653966.2554646,1756653968.5520291
3606.0,157.0,0.04945492744445801,2.055607795715332,300,4,1756653968.6073277,1756653970.7123911
3794.0,159.0,0.3998870849609375,3.368783712387085,300,5,1756653970.7591586,1756653974.5278301
3138.0,81.0,0.14868402481079102,1.0488381385803223,320,1,1756653969.118541,1756653970.3160636
3332.0,14.0,0.13933229446411133,0.20507264137268066,320,2,1756653970.3561141,1756653970.70052
3457.0,82.0,0.07996082305908203,0.9870197772979736,320,3,1756653971.2668908,1756653972.3338714
3596.0,88.0,0.0631568431854248,1.071763515472412,320,4,1756653972.4289536,1756653973.5638745
3749.0,71.0,0.06697916984558105,0.9104688167572021,320,5,1756653973.646837,1756653974.6242857
3091.0,300.0,0.17046809196472168,3.88635516166687,286,1,1756653955.2648246,1756653959.3216486
3429.0,289.0,0.19975781440734863,3.8436973094940186,286,2,1756653959.3495421,1756653963.3929973
3748.0,208.0,0.07857918739318848,2.7685203552246094,286,3,1756653963.4841306,1756653966.3312309
3986.0,199.0,0.05193448066711426,2.468961477279663,286,4,1756653966.3540654,1756653968.8749619
4228.0,254.0,1.2044248580932617,5.201245307922363,286,5,1756653968.911636,1756653975.3173072
3078.0,300.0,0.22977685928344727,3.873471260070801,287,1,1756653955.671076,1756653959.7743247
3408.0,300.0,0.15502214431762695,3.985881805419922,287,2,1756653959.852784,1756653963.9936879
3732.0,300.0,0.05371379852294922,3.890747308731079,287,3,1756653963.9964583,1756653967.9409199
4065.0,277.0,0.062191009521484375,3.5367281436920166,287,4,1756653967.9940128,1756653971.5929327
4374.0,288.0,0.10267806053161621,3.6336095333099365,287,5,1756653971.6132975,1756653975.3495858
3066.0,162.0,0.1761622428894043,2.131956100463867,304,1,1756653962.6222708,1756653964.9303894
3247.0,225.0,0.043825626373291016,2.8970038890838623,304,2,1756653965.028204,1756653967.969034
3490.0,291.0,0.060320138931274414,3.6618266105651855,304,3,1756653967.9962554,1756653971.7184021
3808.0,151.0,0.05565214157104492,1.8722317218780518,304,4,1756653971.8097765,1756653973.7376604
3993.0,148.0,0.0674905776977539,1.9026143550872803,304,5,1756653973.742214,1756653975.7123199
3072.0,152.0,0.21417975425720215,1.8962559700012207,292,1,1756653957.7022414,1756653959.8126779
3264.0,199.0,1.2569591999053955,4.089395761489868,292,2,1756653959.85399,1756653965.2003455
3480.0,292.0,0.04849123954772949,3.704441785812378,292,3,1756653965.2316895,1756653968.9846234
3789.0,250.0,0.04993844032287598,3.1750364303588867,292,4,1756653969.0122228,1756653972.2371986
4066.0,300.0,0.06570005416870117,3.8368701934814453,292,5,1756653972.3212793,1756653976.2238503
3065.0,252.0,0.18882322311401367,3.3121392726898193,299,1,1756653960.573681,1756653964.0746436
3356.0,251.0,0.06310820579528809,3.296718120574951,299,2,1756653964.1001558,1756653967.4599826
3632.0,251.0,0.07011032104492188,3.1926207542419434,299,3,1756653967.48316,1756653970.7458916
3911.0,300.0,0.06034374237060547,3.716722011566162,299,4,1756653970.7567391,1756653974.5338056
4250.0,154.0,0.09285688400268555,2.0197722911834717,299,5,1756653974.5569923,1756653976.6696217
3072.0,218.0,0.19539523124694824,2.972703695297241,301,1,1756653961.3823452,1756653964.5504441
3312.0,159.0,0.0548250675201416,2.0807347297668457,301,2,1756653964.615809,1756653966.7513688
3494.0,211.0,0.09208273887634277,2.649803638458252,301,3,1756653966.7642047,1756653969.5060925
3747.0,136.0,1.315493106842041,2.842235803604126,301,4,1756653969.6280568,1756653973.7857857
3912.0,206.0,0.04788708686828613,2.713881731033325,301,5,1756653973.8453422,1756653976.6071117
3055.0,81.0,0.32785606384277344,0.883657693862915,308,1,1756653964.206381,1756653965.4178958
3146.0,144.0,0.09559082984924316,1.8954644203186035,308,2,1756653965.4440947,1756653967.4351504
3300.0,206.0,0.06522226333618164,2.5910446643829346,308,3,1756653967.4852035,1756653970.141471
3522.0,262.0,0.03914022445678711,3.2447469234466553,308,4,1756653970.1420264,1756653973.4259143
3802.0,256.0,0.060953617095947266,3.347075939178467,308,5,1756653973.4398766,1756653976.847906
3116.0,87.0,0.14693617820739746,1.101562261581421,322,1,1756653969.9424434,1756653971.1909423
3319.0,92.0,0.08260989189147949,1.1094627380371094,322,2,1756653971.2684958,1756653972.460569
3466.0,3.0,2.1563947200775146,0.03965640068054199,322,3,1756653972.5299904,1756653974.7260423
3580.0,58.0,0.08104944229125977,1.1355669498443604,322,4,1756653974.7754364,1756653975.9920533
3707.0,74.0,0.05965280532836914,1.0027806758880615,322,5,1756653975.9952445,1756653977.0576787
3105.0,9.0,0.25693392753601074,0.09706377983093262,323,1,1756653970.3581097,1756653970.7121081
3171.0,91.0,1.1334526538848877,2.130882978439331,323,2,1756653971.2697253,1756653974.5340617
3343.0,75.0,0.16208481788635254,1.4247052669525146,323,3,1756653974.5612054,1756653976.147996
3460.0,5.0,0.0576014518737793,0.06126666069030762,323,4,1756653976.19802,1756653976.3168888
3530.0,16.0,0.08426070213317871,0.22191071510314941,323,5,1756653977.1226344,1756653977.4288065
3063.0,184.0,1.989060401916504,3.9004781246185303,289,1,1756653956.4850678,1756653962.374607
3265.0,231.0,0.20357537269592285,3.0506529808044434,289,2,1756653962.4123642,1756653965.666593
3517.0,182.0,0.05393528938293457,2.324877977371216,289,3,1756653965.7381384,1756653968.1169524
3717.0,275.0,0.3641068935394287,5.729482173919678,289,4,1756653968.199738,1756653974.2933276
4067.0,300.0,0.17862272262573242,3.9967453479766846,289,5,1756653974.3584278,1756653978.5337963
3070.0,155.0,0.19472599029541016,2.0403895378112793,302,1,1756653961.8024454,1756653964.037561
3261.0,160.0,1.4150419235229492,3.6969072818756104,302,2,1756653964.1014304,1756653969.2133808
3458.0,178.0,0.06291580200195312,2.3111023902893066,302,3,1756653969.2191443,1756653971.5931625
3686.0,255.0,0.10292816162109375,3.2305104732513428,302,4,1756653971.6158414,1756653974.9492807
3962.0,285.0,0.043977975845336914,3.7682836055755615,302,5,1756653974.9773815,1756653978.7896447
3074.0,10.0,0.3446483612060547,0.11633801460266113,296,1,1756653959.350833,1756653959.8118203
3102.0,300.0,0.06880879402160645,3.9865314960479736,296,2,1756653960.2670474,1756653964.3223882
3422.0,300.0,0.1370542049407959,3.802706480026245,296,3,1756653964.40501,1756653968.3447711
3734.0,300.0,0.0627439022064209,3.7638649940490723,296,4,1756653968.3988676,1756653972.2254775
4047.0,300.0,0.5828962326049805,6.112138271331787,296,5,1756653972.3238287,1756653979.018864
3063.0,199.0,0.1579575538635254,2.5571646690368652,317,1,1756653967.889362,1756653970.604485
3279.0,247.0,0.04636669158935547,3.0147390365600586,317,2,1756653970.6537395,1756653973.7148457
3576.0,265.0,0.0632777214050293,3.4657583236694336,317,3,1756653973.7446554,1756653977.273692
3870.0,41.0,0.07089972496032715,0.5674030780792236,317,4,1756653977.3250384,1756653977.9633431
3953.0,53.0,0.05231738090515137,0.674976110458374,317,5,1756653978.23698,1756653978.964274
3078.0,35.0,0.13634300231933594,0.48749446868896484,298,1,1756653960.1682923,1756653960.7921302
3135.0,161.0,1.1522462368011475,3.7029964923858643,298,2,1756653961.0778072,1756653965.93305
3330.0,288.0,0.12192273139953613,3.612051486968994,298,3,1756653965.9434056,1756653969.6773798
3658.0,270.0,1.4029531478881836,6.0843424797058105,298,4,1756653969.7339149,1756653977.2212124
3951.0,167.0,0.09141659736633301,2.2361257076263428,298,5,1756653977.222249,1756653979.549792
3128.0,78.0,0.16558265686035156,0.9039719104766846,324,1,1756653970.7613466,1756653971.830902
3277.0,97.0,0.048520803451538086,1.2270042896270752,324,2,1756653971.9172173,1756653973.1927438
3448.0,55.0,2.150754928588867,1.14741849899292,324,3,1756653973.2385883,1756653976.5367625
3547.0,19.0,0.05588555335998535,0.2174971103668213,324,4,1756653976.608758,1756653976.8821414
3656.0,149.0,0.05600380897521973,1.9891166687011719,324,5,1756653977.527803,1756653979.5729244
3136.0,172.0,0.15107202529907227,2.2288360595703125,319,1,1756653968.7105918,1756653971.0905008
3405.0,229.0,0.05138969421386719,2.8294055461883545,319,2,1756653971.1596699,1756653974.0404658
3710.0,19.0,0.06268596649169922,0.22230076789855957,319,3,1756653974.053621,1756653974.3386083
3915.0,127.0,1.2463748455047607,2.5758442878723145,319,4,1756653974.979742,1756653978.8019614
4087.0,102.0,0.10900259017944336,1.2965338230133057,319,5,1756653978.8507404,1756653980.2562773
3090.0,116.0,0.7369246482849121,2.3512001037597656,313,1,1756653966.2572606,1756653969.3453858
3248.0,300.0,0.22200989723205566,3.7472970485687256,313,2,1756653969.4235158,1756653973.3928232
3585.0,270.0,0.05801200866699219,3.535576105117798,313,3,1756653973.4422193,1756653977.0358083
3914.0,195.0,0.06119847297668457,2.6055476665496826,313,4,1756653977.1204212,1756653979.787168
4140.0,168.0,0.08219742774963379,2.1844546794891357,313,5,1756653979.8660915,1756653982.1327436
3178.0,23.0,0.1467146873474121,0.2606935501098633,318,1,1756653968.298274,1756653968.7056832
3309.0,162.0,0.8603601455688477,3.7930023670196533,318,2,1756653969.2211068,1756653973.87447
3516.0,201.0,0.05919337272644043,2.655278205871582,318,3,1756653973.954953,1756653976.6694255
3812.0,246.0,0.05684399604797363,3.2425570487976074,318,4,1756653976.712596,1756653980.0119977
4129.0,166.0,0.0601046085357666,2.1846413612365723,318,5,1756653980.0677235,1756653982.3124695
3061.0,297.0,0.29923009872436523,3.8830678462982178,306,1,1756653963.384607,1756653967.5669057
3369.0,281.0,0.048001766204833984,3.5499632358551025,306,2,1756653967.5816786,1756653971.179644
3661.0,273.0,0.06032299995422363,3.4376678466796875,306,3,1756653971.260382,1756653974.7583737
3945.0,300.0,0.07670164108276367,3.973238468170166,306,4,1756653974.773222,1756653978.823162
4256.0,300.0,0.06781601905822754,3.9136178493499756,306,5,1756653978.848339,1756653982.8297737
3061.0,144.0,2.2875800132751465,3.3495991230010986,315,1,1756653967.077062,1756653972.7142417
3218.0,16.0,0.28426122665405273,0.1792914867401123,315,2,1756653972.7293973,1756653973.1929505
3255.0,272.0,0.05093216896057129,3.5502336025238037,315,3,1756653973.645018,1756653977.2461846
3554.0,211.0,0.0765378475189209,2.9885365962982178,315,4,1756653977.3227108,1756653980.387786
3787.0,185.0,0.09954118728637695,2.419118642807007,315,5,1756653980.4941282,1756653983.0127888
3066.0,131.0,1.9389245510101318,3.06482195854187,325,1,1756653971.1613333,1756653976.1650803
3220.0,76.0,0.2937440872192383,1.046912431716919,325,2,1756653976.2001617,1756653977.540819
3314.0,157.0,0.08734011650085449,2.077317237854004,325,3,1756653977.6326008,1756653979.797259
3498.0,121.0,0.08355975151062012,1.5722849369049072,325,4,1756653979.8687227,1756653981.5245674
3662.0,122.0,0.07840442657470703,1.5859684944152832,325,5,1756653981.6095638,1756653983.2739375
3064.0,300.0,0.16170358657836914,3.9186618328094482,291,1,1756653957.2958424,1756653961.3762083
3390.0,300.0,0.07297158241271973,3.9787416458129883,291,2,1756653961.380834,1756653965.4325492
3708.0,300.0,0.9614827632904053,6.1443092823028564,291,3,1756653965.4386737,1756653972.5444665
4028.0,292.0,0.05165457725524902,3.753269672393799,291,4,1756653972.6285765,1756653976.4335015
4339.0,245.0,1.3917086124420166,5.640094041824341,291,5,1756653976.5070226,1756653983.5388258
3066.0,199.0,0.19535613059997559,2.4257867336273193,314,1,1756653966.6624043,1756653969.2835479
3295.0,300.0,0.04308819770812988,3.8194386959075928,314,2,1756653969.3201625,1756653973.1826901
3629.0,262.0,0.069183349609375,3.415902853012085,314,3,1756653973.2366745,1756653976.7217615
3942.0,191.0,0.06327676773071289,2.6587367057800293,314,4,1756653976.8159816,1756653979.5379958
4168.0,300.0,0.07217645645141602,3.888699769973755,314,5,1756653979.5650206,1756653983.5258973
3106.0,300.0,0.2182016372680664,3.9826860427856445,303,1,1756653962.2071187,1756653966.408007
3445.0,300.0,0.9545114040374756,7.114067316055298,303,2,1756653966.4594374,1756653974.528017
3776.0,299.0,0.11034893989562988,3.9645471572875977,303,3,1756653974.5595934,1756653978.63449
4093.0,171.0,0.058647871017456055,2.2372636795043945,303,4,1756653978.6476674,1756653980.9435797
4290.0,204.0,0.05828738212585449,2.604698419570923,303,5,1756653981.003291,1756653983.6662774
3055.0,85.0,0.22925543785095215,1.0610013008117676,312,1,1756653965.8406632,1756653967.130921
3150.0,125.0,0.07943367958068848,1.5210235118865967,312,2,1756653967.1810453,1756653968.781503
3295.0,300.0,0.4859893321990967,6.225661516189575,312,3,1756653968.8111937,1756653975.5228453
3606.0,300.0,0.06831884384155273,4.0169758796691895,312,4,1756653975.589144,1756653979.6744394
3917.0,300.0,0.07532215118408203,3.872241973876953,312,5,1756653979.7627208,1756653983.710286
3075.0,75.0,0.18751740455627441,0.917677640914917,334,1,1756653974.77847,1756653975.883666
3166.0,54.0,0.04762697219848633,0.7474114894866943,334,2,1756653975.895643,1756653976.690682
3244.0,96.0,0.7049896717071533,2.026402235031128,334,3,1756653976.8181136,1756653979.5495067
3378.0,119.0,0.500321626663208,2.2876906394958496,334,4,1756653979.6618612,1756653982.449874
3537.0,57.0,0.2909395694732666,1.1000151634216309,334,5,1756653982.527525,1756653983.9184804
3091.0,28.0,0.25644826889038086,0.3630232810974121,342,1,1756653978.0348716,1756653978.6543448
3144.0,25.0,0.06926727294921875,0.29628777503967285,342,2,1756653978.9521708,1756653979.3177266
3246.0,97.0,0.07538270950317383,1.2699143886566162,342,3,1756653979.871949,1756653981.217246
3378.0,95.0,0.04854726791381836,1.2237248420715332,342,4,1756653981.3047976,1756653982.5770702
3493.0,98.0,0.0878603458404541,1.2259008884429932,342,5,1756653982.6307318,1756653983.9444935
3094.0,43.0,1.431631088256836,0.9300377368927002,335,1,1756653975.1813858,1756653977.543055
3184.0,27.0,0.4364948272705078,0.34636759757995605,335,2,1756653977.6341176,1756653978.4169805
3260.0,36.0,1.2040760517120361,0.7317714691162109,335,3,1756653978.5404134,1756653980.4762611
3310.0,71.0,0.4598047733306885,1.3014700412750244,335,4,1756653980.4962974,1756653982.2575722
3421.0,68.0,0.20213747024536133,1.7234008312225342,335,5,1756653982.3219323,1756653984.247471
3055.0,73.0,0.2863495349884033,0.9306192398071289,309,1,1756653964.6174686,1756653965.8344378
3151.0,294.0,0.0734403133392334,3.705791711807251,309,2,1756653965.8391838,1756653969.6184173
3456.0,300.0,1.189354658126831,6.766132593154907,309,3,1756653969.6303332,1756653977.585821
3767.0,208.0,0.09009432792663574,2.7147278785705566,309,4,1756653977.630435,1756653980.4352577
3986.0,300.0,0.07342243194580078,3.96170973777771,309,5,1756653980.4916103,1756653984.5267434
3055.0,77.0,0.5562267303466797,1.548647403717041,310,1,1756653965.0297842,1756653967.1346593
3146.0,280.0,0.2186753749847412,3.556586503982544,310,2,1756653967.1792681,1756653970.9545305
3436.0,300.0,0.04165244102478027,3.7388429641723633,310,3,1756653971.0573719,1756653974.837868
3747.0,296.0,0.21250486373901367,6.071911811828613,310,4,1756653974.874337,1756653981.1587536
4054.0,300.0,0.0594782829284668,3.799004316329956,310,5,1756653981.1996396,1756653985.0581234
3068.0,215.0,0.20405197143554688,2.80747389793396,326,1,1756653971.5161183,1756653974.5276449
3301.0,181.0,0.10653972625732422,2.3568243980407715,326,2,1756653974.5627139,1756653977.0260787
3507.0,232.0,0.08242511749267578,3.065585136413574,326,3,1756653977.124879,1756653980.2728899
3758.0,179.0,0.06990647315979004,2.3596279621124268,326,4,1756653980.3881202,1756653982.817655
3974.0,191.0,0.05957293510437012,2.367459535598755,326,5,1756653982.8347726,1756653985.2618055
3136.0,81.0,0.314225435256958,0.9898490905761719,333,1,1756653974.360826,1756653975.6649017
3247.0,54.0,0.08437848091125488,0.721299409866333,333,2,1756653975.688813,1756653976.4944916
3367.0,254.0,0.0531163215637207,3.3350610733032227,333,3,1756653976.610796,1756653979.9989738
3687.0,268.0,0.07363200187683105,3.483114242553711,333,4,1756653980.0701904,1756653983.6269372
4020.0,198.0,0.05023956298828125,2.3869123458862305,333,5,1756653983.6576684,1756653986.0948205
3055.0,80.0,0.32237792015075684,1.0586028099060059,311,1,1756653965.4468641,1756653966.8278468
3145.0,129.0,0.7605061531066895,2.6939220428466797,311,2,1756653966.8757052,1756653970.3301337
3288.0,300.0,0.08834600448608398,3.778547763824463,311,3,1756653970.3526125,1756653974.219507
3599.0,281.0,0.04477119445800781,3.72988224029541,311,4,1756653974.2551131,1756653978.0297673
3895.0,300.0,0.9958138465881348,7.374521493911743,311,5,1756653978.0324318,1756653986.4027677
3189.0,93.0,0.26771998405456543,1.0486843585968018,345,1,1756653979.2540898,1756653980.5704947
3303.0,138.0,0.16711640357971191,1.7472522258758545,345,2,1756653980.5976963,1756653982.512065
3461.0,133.0,0.06658530235290527,1.702700138092041,345,3,1756653982.5299983,1756653984.2992845
3649.0,55.0,0.1598060131072998,0.6481809616088867,345,4,1756653984.3789327,1756653985.1869197
3723.0,34.0,0.5709891319274902,0.658994197845459,345,5,1756653985.3175876,1756653986.547572
3077.0,155.0,0.2150576114654541,2.0250754356384277,347,1,1756653980.0721536,1756653982.3122866
3246.0,21.0,0.05330014228820801,0.25295305252075195,347,2,1756653982.3243587,1756653982.6306124
3284.0,10.0,1.2716212272644043,0.0259554386138916,347,3,1756653983.2514944,1756653984.5490718
3313.0,27.0,0.06784486770629883,0.3271613121032715,347,4,1756653984.5896225,1756653984.9846294
4096.0,119.0,0.10193276405334473,1.395200490951538,347,5,1756653985.4233298,1756653986.9204636
3082.0,300.0,0.2585129737854004,3.9069716930389404,338,1,1756653976.4047875,1756653980.5702727
3403.0,68.0,0.16765427589416504,0.8316516876220703,338,2,1756653980.5964823,1756653981.5957882
3498.0,284.0,0.09617042541503906,3.5729928016662598,338,3,1756653981.6130655,1756653985.2822292
3796.0,22.0,0.05999755859375,0.24234700202941895,338,4,1756653985.3152819,1756653985.6176271
3836.0,74.0,0.045368194580078125,0.842526912689209,338,5,1756653986.2298522,1756653987.1177478
3069.0,10.0,0.2060084342956543,0.10447478294372559,332,1,1756653973.9567676,1756653974.2672513
3101.0,111.0,0.08791065216064453,1.4044911861419678,332,2,1756653974.8765142,1756653976.3689167
3239.0,209.0,0.6226270198822021,4.325122833251953,332,3,1756653976.4029512,1756653981.350701
3559.0,300.0,0.052889108657836914,3.7812881469726562,332,4,1756653981.4049263,1756653985.239104
3889.0,162.0,0.06349849700927734,1.8823809623718262,332,5,1756653985.3076203,1756653987.2534997
3073.0,190.0,0.20985817909240723,2.450317859649658,344,1,1756653978.8544438,1756653981.5146198
3334.0,295.0,0.08931350708007812,3.6890411376953125,344,2,1756653981.6151628,1756653985.3935187
3659.0,94.0,0.058570146560668945,1.0985047817230225,344,3,1756653985.4210827,1756653986.5781584
3790.0,55.0,0.06688737869262695,0.6186554431915283,344,4,1756653986.6382506,1756653987.323794
3881.0,43.0,0.055737972259521484,0.4901754856109619,344,5,1756653987.5549972,1756653988.1009111
3063.0,95.0,0.12702012062072754,1.177685260772705,329,1,1756653972.7309728,1756653974.0356793
3171.0,111.0,0.0645132064819336,1.3907592296600342,329,2,1756653974.055371,1756653975.5106442
3299.0,206.0,0.06945681571960449,2.7901077270507812,329,3,1756653975.5912778,1756653978.4508429
3527.0,300.0,0.5342819690704346,5.813357591629028,329,4,1756653978.5383294,1756653984.8859694
3842.0,300.0,0.05993080139160156,3.486345052719116,329,5,1756653984.8966596,1756653988.4429362
3077.0,209.0,0.15465426445007324,2.6488125324249268,327,1,1756653971.919391,1756653974.7228582
3307.0,300.0,0.08794379234313965,3.9700706005096436,327,2,1756653974.7772937,1756653978.8353083
3618.0,17.0,1.0548012256622314,0.35906481742858887,327,3,1756653978.85299,1756653980.2668564
3655.0,224.0,0.661118745803833,4.086975812911987,327,4,1756653980.2729056,1756653985.0210006
3903.0,300.0,0.06540250778198242,3.4801132678985596,327,5,1756653985.0953195,1756653988.6408353
3112.0,257.0,1.25187087059021,6.061355829238892,305,1,1756653963.0313942,1756653970.344622
3438.0,201.0,0.19903087615966797,2.477959156036377,305,2,1756653970.3509524,1756653973.0279434
3765.0,300.0,0.04292154312133789,3.863233804702759,305,3,1756653973.030619,1756653976.9367747
4103.0,275.0,0.052611351013183594,3.6408772468566895,305,4,1756653977.0168571,1756653980.7103465
4451.0,300.0,0.35781097412109375,8.118277788162231,305,5,1756653980.7980514,1756653989.2741408
3241.0,64.0,0.21045851707458496,0.8185858726501465,348,1,1756653980.4982398,1756653981.5272846
3498.0,124.0,1.1805825233459473,2.176546573638916,348,2,1756653981.6163554,1756653984.9734852
3639.0,121.0,0.056430816650390625,1.389582633972168,348,3,1756653984.9977832,1756653986.4437976
3777.0,16.0,0.31821155548095703,0.21013355255126953,348,4,1756653986.5357785,1756653987.0641243
3908.0,139.0,0.06884980201721191,1.7393527030944824,348,5,1756653987.4544988,1756653989.262702
3381.0,50.0,0.6560928821563721,0.9732632637023926,350,1,1756653981.3068578,1756653982.9362144
3466.0,126.0,0.22427654266357422,1.5704028606414795,350,2,1756653982.9403033,1756653984.7349834
3617.0,112.0,0.08374547958374023,2.188967227935791,350,3,1756653984.7911222,1756653987.0638354
3759.0,74.0,0.05464529991149902,0.853417158126831,350,4,1756653987.147692,1756653988.0557554
3891.0,92.0,0.23751187324523926,1.524156093597412,350,5,1756653988.0669122,1756653989.8285806
3086.0,183.0,0.22329020500183105,2.414464235305786,340,1,1756653977.2276716,1756653979.865427
3300.0,297.0,0.08197522163391113,3.8254635334014893,340,2,1756653979.8706918,1756653983.7781305
3640.0,144.0,0.0589747428894043,1.7096397876739502,340,3,1756653983.868783,1756653985.637398
3848.0,267.0,0.039736270904541016,3.187180280685425,340,4,1756653985.721155,1756653988.9480722
4143.0,136.0,0.06868743896484375,1.6292996406555176,340,5,1756653988.9819996,1756653990.6799874
3235.0,128.0,0.17887163162231445,1.700805902481079,341,1,1756653977.6353607,1756653979.515039
3398.0,300.0,0.5784225463867188,5.717848539352417,341,2,1756653979.5672462,1756653985.8635173
3734.0,241.0,0.07388639450073242,2.8527157306671143,341,3,1756653985.9222603,1756653988.848863
3989.0,14.0,0.06458139419555664,0.17576336860656738,341,4,1756653988.8824286,1756653989.1227741
4252.0,96.0,0.06508374214172363,1.1572980880737305,341,5,1756653989.8064723,1756653991.0288546
3073.0,9.0,0.4868197441101074,0.20542144775390625,359,1,1756653984.9997509,1756653985.6919925
3112.0,13.0,0.18070673942565918,0.14231610298156738,359,2,1756653985.9242156,1756653986.2472389
3138.0,16.0,0.05489373207092285,0.21673583984375,359,3,1756653986.841171,1756653987.1128016
3171.0,46.0,0.05181431770324707,0.549262285232544,359,4,1756653987.7633607,1756653988.3644378
3237.0,133.0,0.06424546241760254,2.536776542663574,359,5,1756653988.681916,1756653991.282939
3066.0,74.0,1.2479212284088135,1.7939960956573486,349,1,1756653980.8972769,1756653983.9391947
3219.0,115.0,0.1696326732635498,1.3417184352874756,349,2,1756653983.9699461,1756653985.4812982
3360.0,106.0,0.05412888526916504,1.2442896366119385,349,3,1756653985.5191529,1756653986.8175726
3486.0,27.0,0.042086124420166016,0.30077314376831055,349,4,1756653986.8389688,1756653987.181829
3588.0,300.0,0.05645418167114258,3.674464702606201,349,5,1756653987.760868,1756653991.4917874
3087.0,55.0,0.1551990509033203,0.6948049068450928,328,1,1756653972.3325155,1756653973.1825204
3189.0,300.0,0.06268715858459473,3.8838424682617188,328,2,1756653973.2401674,1756653977.186698
3511.0,119.0,0.06498193740844727,1.6091523170471191,328,3,1756653977.2248209,1756653978.898955
3671.0,260.0,0.07511162757873535,3.369081735610962,328,4,1756653978.9488473,1756653982.3930411
3963.0,300.0,1.2780275344848633,7.950634717941284,328,5,1756653982.4223413,1756653991.6510038
3111.0,264.0,0.15795278549194336,3.4407975673675537,331,1,1756653973.541039,1756653977.13979
3461.0,236.0,1.3838868141174316,4.864497184753418,331,2,1756653977.226436,1756653983.4748204
3783.0,300.0,0.05152130126953125,3.5605692863464355,331,3,1756653983.5512815,1756653987.1633725
4113.0,112.0,0.04031062126159668,1.3088793754577637,331,4,1756653987.2489061,1756653988.5980966
4287.0,238.0,0.08476495742797852,2.9141199588775635,331,5,1756653988.6793146,1756653991.6782
3055.0,78.0,0.23869609832763672,1.0302526950836182,307,1,1756653963.7962751,1756653965.0652242
3150.0,249.0,1.4904274940490723,5.834640264511108,307,2,1756653965.128694,1756653972.4537623
3418.0,300.0,0.849642276763916,6.136967897415161,307,3,1756653972.5281866,1756653979.5147972
3729.0,261.0,0.08529353141784668,3.3975729942321777,307,4,1756653979.5626326,1756653983.0455003
4001.0,293.0,1.2033512592315674,7.759887933731079,307,5,1756653983.1449604,1756653992.1082
3077.0,19.0,0.21515965461730957,0.21031403541564941,343,1,1756653978.4385548,1756653978.8640285
3116.0,160.0,0.17561626434326172,1.9674155712127686,343,2,1756653979.3588414,1756653981.5018737
3301.0,126.0,0.04777359962463379,1.6356096267700195,343,3,1756653981.508351,1756653983.1917348
3453.0,143.0,0.06289911270141602,1.778078317642212,343,4,1756653983.2494946,1756653985.0904727
3649.0,220.0,2.245413303375244,5.626047849655151,343,5,1756653985.0998816,1756653992.9713442
3076.0,31.0,0.18616175651550293,0.37780237197875977,355,1,1756653983.350386,1756653983.9143507
3122.0,90.0,1.1776180267333984,2.9993371963500977,355,2,1756653984.2745392,1756653988.4514945
3239.0,86.0,0.041594505310058594,1.0911455154418945,355,3,1756653988.4768126,1756653989.6095538
3355.0,110.0,0.7616140842437744,2.0908384323120117,355,4,1756653989.705621,1756653992.5580735
3478.0,16.0,0.3499574661254883,0.2936277389526367,355,5,1756653992.5669005,1756653993.2104864
3064.0,17.0,0.17136812210083008,0.19443655014038086,346,1,1756653979.6662834,1756653980.0320885
3404.0,300.0,0.13692498207092285,3.8255624771118164,346,2,1756653980.5988429,1756653984.561331
3735.0,212.0,0.0681295394897461,2.4770500659942627,346,3,1756653984.5853193,1756653987.1304996
4135.0,275.0,0.07411932945251465,3.3320047855377197,346,4,1756653987.1432679,1756653990.5493925
4466.0,293.0,0.06798839569091797,3.619731903076172,346,5,1756653990.6201177,1756653994.307839
3064.0,300.0,0.21547698974609375,3.9827001094818115,339,1,1756653976.8197522,1756653981.01793
3385.0,162.0,0.04523658752441406,2.078296422958374,339,2,1756653981.098845,1756653983.2223783
3566.0,300.0,0.0657808780670166,3.605170249938965,339,3,1756653983.2476535,1756653986.918605
3904.0,300.0,0.04736495018005371,3.6162283420562744,339,4,1756653986.9441872,1756653990.6077821
4221.0,300.0,0.05837726593017578,3.8267834186553955,339,5,1756653990.6177597,1756653994.5029209
3087.0,281.0,0.23487472534179688,3.4863123893737793,351,1,1756653981.7102237,1756653985.4314115
3393.0,16.0,0.05136871337890625,0.1594698429107666,351,2,1756653985.521071,1756653985.7319102
3466.0,100.0,0.04092836380004883,1.1503210067749023,351,3,1756653986.43381,1756653987.62506
3598.0,88.0,0.04575538635253906,1.0788815021514893,351,4,1756653987.6597512,1756653988.784388
3709.0,238.0,0.8839161396026611,4.751219749450684,351,5,1756653988.8846095,1756653994.5197458
3087.0,83.0,0.14877963066101074,0.9818658828735352,361,1,1756653985.821477,1756653986.952123
3217.0,47.0,0.05071115493774414,0.5311832427978516,361,2,1756653987.0428379,1756653987.624733
3306.0,181.0,0.048943281173706055,2.239130735397339,361,3,1756653987.9615967,1756653990.2496707
3514.0,169.0,0.041680097579956055,2.0969114303588867,361,4,1756653990.316462,1756653992.455054
3704.0,172.0,0.08164596557617188,2.1646125316619873,361,5,1756653992.4617834,1756653994.7080424
3077.0,17.0,0.17345166206359863,0.18033266067504883,373,1,1756653990.7193708,1756653991.0731552
3107.0,4.0,0.09374070167541504,0.04507303237915039,373,2,1756653991.63847,1756653991.7772841
3123.0,4.0,1.0426528453826904,0.060613155364990234,373,3,1756653992.5692275,1756653993.6724942
3139.0,22.0,0.07030558586120605,0.27376317977905273,373,4,1756653993.7174988,1756653994.0615683
3172.0,20.0,0.06339406967163086,0.22875189781188965,373,5,1756653994.6418846,1756653994.9340305
3078.0,290.0,0.18370842933654785,3.8391311168670654,336,1,1756653975.5927603,1756653979.6156006
3393.0,300.0,1.1947288513183594,7.127140760421753,336,2,1756653979.6641505,1756653987.9860206
3715.0,161.0,0.050936222076416016,2.0097548961639404,336,3,1756653988.0651405,1756653990.1258316
3894.0,213.0,0.04325127601623535,2.629826545715332,336,4,1756653990.2140028,1756653992.8870814
4128.0,192.0,0.0417940616607666,2.3869307041168213,336,5,1756653992.971902,1756653995.4006274
3142.0,288.0,0.6081452369689941,5.2346742153167725,354,1,1756653982.9418092,1756653988.7846305
3481.0,300.0,0.16608929634094238,3.6819212436676025,354,2,1756653988.8867664,1756653992.7347775
3825.0,99.0,0.05824732780456543,1.2056128978729248,354,3,1756653992.768814,1756653994.0326748
3956.0,91.0,0.04280710220336914,1.1459012031555176,354,4,1756653994.1258488,1756653995.3145578
4112.0,4.0,0.06593513488769531,0.04685664176940918,354,5,1756653995.3508375,1756653995.4636292
3069.0,281.0,1.1371676921844482,6.234769344329834,330,1,1756653973.1378462,1756653980.5097837
3373.0,180.0,0.2261049747467041,2.2918059825897217,330,2,1756653980.5948896,1756653983.1128013
3575.0,189.0,0.6367466449737549,5.46689248085022,330,3,1756653983.1476097,1756653989.2512496
3806.0,250.0,0.04656863212585449,3.059191942214966,330,4,1756653989.2846897,1756653992.390451
4133.0,249.0,0.07081413269042969,3.055006742477417,330,5,1756653992.459377,1756653995.585198
3099.0,18.0,0.1694486141204834,0.19560027122497559,377,1,1756653992.3602896,1756653992.725339
3264.0,3.0,0.8297662734985352,0.04697251319885254,377,2,1756653993.4117408,1756653994.2884798
3538.0,3.0,0.21665668487548828,0.041382551193237305,377,3,1756653994.3348947,1756653994.5929344
3785.0,3.0,0.6078445911407471,0.03938102722167969,377,4,1756653995.248256,1756653995.895482
3879.0,3.0,0.17033934593200684,0.03420114517211914,377,5,1756653996.170814,1756653996.3753552
3083.0,77.0,0.1764066219329834,0.9580941200256348,353,1,1756653982.5314887,1756653983.66599
3172.0,111.0,0.06796813011169434,1.3703219890594482,353,2,1756653983.758542,1756653985.1968331
3313.0,103.0,4.668644189834595,2.279813051223755,353,3,1756653985.206599,1756653992.1550567
3433.0,83.0,0.42005038261413574,1.830453872680664,353,4,1756653992.252661,1756653994.503166
3569.0,84.0,0.48514652252197266,1.5055427551269531,353,5,1756653994.5371985,1756653996.5278883
3237.0,3.0,0.17337298393249512,0.025187015533447266,378,1,1756653992.7708132,1756653992.9693737
3441.0,3.0,0.04944729804992676,0.025646209716796875,378,2,1756653993.6162045,1756653993.6912987
3566.0,3.0,0.48230791091918945,0.0317540168762207,378,3,1756653994.539615,1756653995.0536776
3689.0,3.0,0.07778573036193848,0.030492067337036133,378,4,1756653995.4588282,1756653995.5671062
3863.0,3.0,0.10605216026306152,0.024270296096801758,378,5,1756653996.368689,1756653996.499012
3064.0,300.0,0.26378464698791504,3.9687633514404297,337,1,1756653975.9976065,1756653980.2301552
3394.0,118.0,0.055753469467163086,1.5422699451446533,337,2,1756653980.275315,1756653981.8733385
3540.0,247.0,0.041022539138793945,3.112825632095337,337,3,1756653981.915061,1756653985.0689096
3817.0,300.0,1.0348012447357178,7.508076190948486,337,4,1756653985.0978801,1756653993.6407578
4142.0,300.0,0.0736701488494873,3.651118040084839,337,5,1756653993.715174,1756653997.4399621
3189.0,300.0,0.26453208923339844,3.6726884841918945,352,1,1756653982.116324,1756653986.0535455
3525.0,300.0,0.04892396926879883,3.5845742225646973,352,2,1756653986.1235707,1756653989.7570693
3869.0,123.0,2.0602593421936035,2.6737518310546875,352,3,1756653989.8088727,1756653994.5428846
4040.0,118.0,0.07964563369750977,1.355893611907959,352,4,1756653994.6377316,1756653996.0732713
4254.0,99.0,0.05556058883666992,1.185063362121582,352,5,1756653996.1665518,1756653997.4071765
3093.0,10.0,0.15905976295471191,0.10546708106994629,381,1,1756653993.9192479,1756653994.1837752
3129.0,10.0,0.06363368034362793,0.10260009765625,381,2,1756653994.8439891,1756653995.0102234
3169.0,10.0,0.054998159408569336,0.10392522811889648,381,3,1756653995.7632818,1756653995.9222057
3197.0,10.0,0.057119131088256836,0.11858749389648438,381,4,1756653996.6825304,1756653996.8582375
3229.0,31.0,0.06199145317077637,0.3680706024169922,381,5,1756653997.5988681,1756653998.028931
3067.0,208.0,0.16854476928710938,2.471358299255371,356,1,1756653983.7602704,1756653986.4001741
3304.0,60.0,0.0537266731262207,0.6956689357757568,356,2,1756653986.4358377,1756653987.1852338
3391.0,265.0,0.044341087341308594,3.2401626110076904,356,3,1756653987.3491225,1756653990.633627
3682.0,300.0,0.07273602485656738,3.763646125793457,356,4,1756653990.7171426,1756653994.5535252
4006.0,300.0,0.06988143920898438,3.5340404510498047,356,5,1756653994.6398637,1756653998.2437863
3267.0,97.0,0.5770318508148193,1.6985037326812744,362,1,1756653986.233655,1756653988.5091925
3503.0,104.0,0.1919848918914795,1.2972798347473145,362,2,1756653988.5765378,1756653990.0658026
3768.0,126.0,0.04300236701965332,1.508023738861084,362,3,1756653990.1134567,1756653991.6644833
4097.0,172.0,1.4163992404937744,3.8080832958221436,362,4,1756653991.7373195,1756653996.961802
4456.0,145.0,0.07398653030395508,1.7076683044433594,362,5,1756653996.985298,1756653998.7669532
3057.0,161.0,0.15165019035339355,1.882680892944336,357,1,1756653984.1739526,1756653986.2082841
3251.0,300.0,0.054172515869140625,3.587846279144287,357,2,1756653986.232344,1756653989.874363
3563.0,234.0,0.06786441802978516,2.88201904296875,357,3,1756653989.9089856,1756653992.85887
3821.0,188.0,0.06859230995178223,2.325221300125122,357,4,1756653992.8738124,1756653995.2676263
4040.0,300.0,0.07611989974975586,3.591238498687744,357,5,1756653995.3533342,1756653999.020693
3058.0,9.0,0.6696038246154785,0.15832901000976562,380,1,1756653993.515895,1756653994.3438282
3084.0,21.0,0.2585489749908447,0.2405529022216797,380,2,1756653994.4322553,1756653994.9313595
3117.0,24.0,0.07432436943054199,0.2679474353790283,380,3,1756653995.3555026,1756653995.697775
3154.0,14.0,0.04963231086730957,0.16323113441467285,380,4,1756653996.2683003,1756653996.4811645
3190.0,16.0,1.725590705871582,0.323183536529541,380,5,1756653997.1872244,1756653999.2359993
3060.0,26.0,0.16512131690979004,0.3047468662261963,370,1,1756653989.524547,1756653989.9944158
3096.0,13.0,0.051892757415771484,0.1397860050201416,370,2,1756653990.4159293,1756653990.607608
3136.0,99.0,0.7353031635284424,1.9862449169158936,370,3,1756653991.334785,1756653994.0563338
3256.0,112.0,0.7731015682220459,2.602898597717285,370,4,1756653994.128035,1756653997.5040362
3390.0,247.0,0.06529998779296875,2.968132972717285,370,5,1756653997.5964398,1756654000.6298738
3063.0,93.0,0.14225101470947266,1.1686515808105469,374,1,1756653991.129199,1756653992.440102
3170.0,170.0,0.08086252212524414,2.136437177658081,374,2,1756653992.464055,1756653994.6813552
3355.0,223.0,0.05257987976074219,2.6149239540100098,374,3,1756653994.7384434,1756653997.405948
3595.0,53.0,0.8320989608764648,0.7284245491027832,374,4,1756653997.4946003,1756653999.0551243
3665.0,211.0,0.07991814613342285,2.5288279056549072,374,5,1756653999.1257753,1756654001.7345219
3067.0,240.0,0.18823862075805664,2.760774850845337,358,1,1756653984.5916696,1756653987.5406835
3337.0,218.0,0.685922384262085,3.9490303993225098,358,2,1756653987.5576158,1756653992.1925693
3585.0,251.0,0.06380891799926758,3.099979877471924,358,3,1756653992.2549236,1756653995.418713
3869.0,260.0,0.06698107719421387,3.108276128768921,358,4,1756653995.4551337,1756653998.630391
4153.0,258.0,0.05374741554260254,3.1053807735443115,358,5,1756653998.7104387,1756654001.8695674
3061.0,112.0,0.20277976989746094,1.3881018161773682,379,1,1756653993.1779356,1756653994.7688177
3189.0,107.0,0.06627559661865234,1.2283587455749512,379,2,1756653994.8423858,1756653996.1370206
3309.0,130.0,0.06281518936157227,1.5549509525299072,379,3,1756653996.172978,1756653997.7907448
3461.0,173.0,0.04903244972229004,2.0951781272888184,379,4,1756653997.7968323,1756653999.9410431
3658.0,180.0,0.0799710750579834,2.1503422260284424,379,5,1756654000.043333,1756654002.2736468
3068.0,10.0,0.15674972534179688,0.10180926322937012,386,1,1756653995.9673579,1756653996.2259173
3104.0,10.0,0.0465240478515625,0.11409163475036621,386,2,1756653996.8871856,1756653997.0478013
3137.0,114.0,0.059221744537353516,1.3777587413787842,386,3,1756653997.7988474,1756653999.2358286
3268.0,151.0,0.16638445854187012,1.6420338153839111,386,4,1756653999.3270416,1756654001.1354604
3438.0,122.0,0.05146360397338867,1.4647643566131592,386,5,1756654001.1487753,1756654002.6650035
3060.0,171.0,0.15253782272338867,2.0515236854553223,369,1,1756653989.082932,1756653991.2869942
3244.0,42.0,0.04014873504638672,0.5360739231109619,369,2,1756653991.333305,1756653991.9095283
3307.0,175.0,0.6609961986541748,3.4726083278656006,369,3,1756653992.25659,1756653996.3901951
3506.0,224.0,0.043448686599731445,3.782677412033081,369,4,1756653996.470347,1756654000.2964742
3743.0,253.0,0.06230306625366211,3.02020001411438,369,5,1756654000.3410103,1756654003.4235137
3187.0,144.0,1.059258222579956,2.885401725769043,372,1,1756653990.318613,1756653994.2632735
3354.0,173.0,0.17488622665405273,2.0745623111724854,372,2,1756653994.333627,1756653996.5830762
3543.0,93.0,0.059780120849609375,1.0944592952728271,372,3,1756653996.6810043,1756653997.8352437
3653.0,165.0,0.051344871520996094,2.0026004314422607,372,4,1756653997.8977892,1756653999.9517348
3841.0,156.0,0.18613409996032715,3.289731740951538,372,5,1756654000.0412269,1756654003.5170927
3101.0,39.0,0.1476759910583496,0.47733139991760254,387,1,1756653996.3711426,1756653996.9961507
3154.0,13.0,0.04103899002075195,0.13916325569152832,387,2,1756653997.2905684,1756653997.4707716
3192.0,54.0,0.050771474838256836,0.6542062759399414,387,3,1756653998.2035658,1756653998.908544
3283.0,159.0,0.07904767990112305,1.8753600120544434,387,4,1756653999.1279511,1756654001.0823593
3461.0,63.0,1.1241512298583984,1.452993631362915,387,5,1756654001.1511052,1756654003.72825
3060.0,68.0,0.1959836483001709,0.8499112129211426,375,1,1756653991.5380087,1756653992.5839036
3142.0,222.0,0.0429384708404541,2.7534539699554443,375,2,1756653992.6674812,1756653995.4638736
3375.0,184.0,0.05868792533874512,2.1868155002593994,375,3,1756653995.5597556,1756653997.8052597
3574.0,283.0,0.057955265045166016,3.392068386077881,375,4,1756653997.9000318,1756654001.3500555
3873.0,58.0,1.6155023574829102,1.2268445491790771,375,5,1756654001.4529138,1756654004.295261
3089.0,209.0,0.6002633571624756,3.8566734790802,364,1,1756653987.0445783,1756653991.501516
3327.0,300.0,0.26298093795776367,3.711094856262207,364,2,1756653991.5364964,1756653995.510573
3650.0,300.0,0.0583038330078125,3.5953879356384277,364,3,1756653995.5578945,1756653999.2115867
3977.0,300.0,0.1253645420074463,3.5266573429107666,364,4,1756653999.2243304,1756654002.8763528
4316.0,126.0,0.08552026748657227,1.5556800365447998,364,5,1756654002.879496,1756654004.5206964
3063.0,238.0,0.15526151657104492,2.9021096229553223,365,1,1756653987.457091,1756653990.5144627
3344.0,300.0,0.055051326751708984,3.701894760131836,365,2,1756653990.516893,1756653994.2738397
3662.0,245.0,0.1750633716583252,2.877030372619629,365,3,1756653994.3317835,1756653997.3838773
3928.0,300.0,0.04431009292602539,3.590886116027832,365,4,1756653997.3913639,1756654001.0265608
4567.0,300.0,0.04614973068237305,3.5838069915771484,365,5,1756654001.048867,1756654004.6788242
3062.0,267.0,0.16422224044799805,3.3220930099487305,371,1,1756653989.9107735,1756653993.3970897
3356.0,145.0,0.05738115310668945,1.8230938911437988,371,2,1756653993.5143583,1756653995.3948345
3525.0,300.0,0.08262276649475098,3.5797157287597656,371,3,1756653995.4572537,1756653999.1195927
3836.0,246.0,0.06829977035522461,2.9445600509643555,371,4,1756653999.1235914,1756654002.1364517
4104.0,263.0,0.047856807708740234,3.1058006286621094,371,5,1756654002.1660197,1756654005.319677
3074.0,256.0,0.14203166961669922,3.1323468685150146,367,1,1756653988.2724926,1756653991.546872
3364.0,279.0,0.09462690353393555,3.4676780700683594,367,2,1756653991.6369207,1756653995.1992261
3667.0,300.0,0.04293179512023926,3.577662944793701,367,3,1756653995.2463586,1756653998.866954
4002.0,172.0,0.6964554786682129,3.407058000564575,367,4,1756653998.9139166,1756654003.0174305
4211.0,224.0,0.054570674896240234,2.668002128601074,367,5,1756654003.0873318,1756654005.809905
3060.0,69.0,0.1589057445526123,0.8301918506622314,399,1,1756654001.2495158,1756654002.2386138
3151.0,109.0,0.05358743667602539,1.2912776470184326,399,2,1756654002.268832,1756654003.6136978
3276.0,32.0,0.0470738410949707,0.34967875480651855,399,3,1756654003.701501,1756654004.0982535
3327.0,63.0,0.04202389717102051,0.726367712020874,399,4,1756654004.6252418,1756654005.3936336
3402.0,57.0,0.046866655349731445,0.6784231662750244,399,5,1756654005.5370078,1756654006.262298
3095.0,300.0,0.17365050315856934,3.606175661087036,363,1,1756653986.6405647,1756653990.4203913
3439.0,276.0,0.046483755111694336,3.3961150646209717,363,2,1756653990.5154645,1756653993.9580638
3736.0,206.0,0.06179499626159668,2.5040066242218018,363,3,1756653994.0175693,1756653996.5833714
3966.0,300.0,0.6693181991577148,5.521577835083008,363,4,1756653996.6788282,1756654002.869725
4328.0,290.0,0.06597208976745605,3.4901528358459473,363,5,1756654002.8768613,1756654006.4329872
3079.0,127.0,0.1425619125366211,1.5375566482543945,376,1,1756653991.947147,1756653993.6272666
3275.0,300.0,0.08441734313964844,3.647219181060791,376,2,1756653993.7192976,1756653997.4509351
3599.0,215.0,0.049015045166015625,2.6042098999023438,376,3,1756653997.4968574,1756654000.1500828
3859.0,255.0,0.044211387634277344,3.028564453125,376,4,1756654000.2392435,1756654003.31202
4224.0,300.0,0.0575258731842041,3.5499866008758545,376,5,1756654003.389198,1756654006.9967115
3338.0,51.0,0.18872308731079102,0.598412036895752,403,1,1756654002.8839135,1756654003.6710489
3405.0,41.0,0.05049633979797363,0.47786641120910645,403,2,1756654003.8001626,1756654004.3285258
3467.0,47.0,0.038863182067871094,0.5539059638977051,403,3,1756654004.7270906,1756654005.3198612
3526.0,84.0,0.06365537643432617,0.9966280460357666,403,4,1756654005.637454,1756654006.6977382
3620.0,84.0,0.04625535011291504,0.9381828308105469,403,5,1756654006.7644358,1756654007.748875
3068.0,300.0,0.9735674858093262,5.56104588508606,360,1,1756653985.4255633,1756653991.9601772
3393.0,300.0,0.1668839454650879,3.6640689373016357,360,2,1756653992.0476477,1756653995.8786016
3711.0,268.0,0.0480036735534668,3.24592661857605,360,3,1756653995.9654193,1756653999.25935
3997.0,255.0,0.45879125595092773,5.117315292358398,360,4,1756653999.3248646,1756654004.9009721
4274.0,272.0,0.15666961669921875,3.2050275802612305,360,5,1756654004.9283488,1756654008.2900465
3065.0,223.0,0.14565229415893555,2.7280235290527344,366,1,1756653987.8611975,1756653990.7348745
3304.0,251.0,0.06598258018493652,3.084404945373535,366,2,1756653990.8236485,1756653993.9740367
3572.0,300.0,0.6900076866149902,5.275902509689331,366,3,1756653994.0193589,1756653999.9852695
3894.0,206.0,0.07041740417480469,2.439896583557129,366,4,1756654000.039201,1756654002.5495155
4130.0,262.0,1.0674562454223633,5.490306615829468,366,5,1756654002.5704105,1756654009.1281734
3133.0,282.0,0.17496085166931152,3.4828078746795654,368,1,1756653988.6841311,1756653992.3419006
3456.0,300.0,0.06278753280639648,3.680081605911255,368,2,1756653992.3587303,1756653996.1016002
3946.0,275.0,1.193723201751709,6.063023328781128,368,3,1756653996.1691117,1756654003.4258583
4379.0,203.0,0.07127046585083008,2.418647527694702,368,4,1756654003.4950333,1756654005.984952
4664.0,300.0,0.056183815002441406,3.622189521789551,368,5,1756654006.0480983,1756654009.7264724
3080.0,300.0,0.14350581169128418,3.5706701278686523,388,1,1756653996.7804751,1756654000.4946516
3419.0,168.0,0.04088234901428223,2.0096678733825684,388,2,1756654000.541632,1756654002.5921829
3635.0,300.0,0.04189443588256836,3.595447301864624,388,3,1756654002.67368,1756654006.3110223
3974.0,77.0,0.050766706466674805,0.8888757228851318,388,4,1756654006.356725,1756654007.2963674
4401.0,300.0,0.05873441696166992,3.668578624725342,388,5,1756654007.3729682,1756654011.1002812
3067.0,99.0,0.2544407844543457,1.1508057117462158,382,1,1756653994.336559,1756653995.7418058
3193.0,252.0,0.06599760055541992,3.0180115699768066,382,2,1756653995.7653399,1756653998.8493493
3467.0,238.0,1.2548084259033203,5.225303649902344,382,3,1756653998.9161816,1756654005.3962936
3723.0,110.0,0.9057285785675049,2.2816779613494873,382,4,1756654005.4374146,1756654008.6248217
3865.0,300.0,0.07681012153625488,3.8517978191375732,382,5,1756654008.693336,1756654012.6219447
3077.0,26.0,0.14519429206848145,0.27950310707092285,400,1,1756654001.655309,1756654002.0800068
3176.0,52.0,0.839895486831665,1.0879755020141602,400,2,1756654002.572855,1756654004.5007265
3289.0,171.0,0.055077314376831055,2.046456813812256,400,3,1756654004.5229902,1756654006.6245253
3563.0,191.0,0.06524777412414551,2.2436254024505615,400,4,1756654006.6669095,1756654008.9757843
3811.0,300.0,0.09392523765563965,3.86440110206604,400,5,1756654008.9976053,1756654012.9559321
3068.0,188.0,0.17689204216003418,2.2609400749206543,390,1,1756653997.601012,1756654000.0388443
3298.0,185.0,0.04025077819824219,2.2012507915496826,390,2,1756654000.1372192,1756654002.3787212
3499.0,291.0,0.06321406364440918,3.4831557273864746,390,3,1756654002.4699867,1756654006.0163572
3815.0,290.0,0.05316758155822754,3.461764097213745,390,4,1756654006.0505242,1756654009.5654566
4150.0,123.0,0.890974760055542,2.615959405899048,390,5,1756654009.6251075,1756654013.1320417
3056.0,9.0,0.7778356075286865,0.13530302047729492,385,1,1756653995.5619934,1756653996.475133
3090.0,300.0,0.14716196060180664,3.5892624855041504,385,2,1756653996.570998,1756654000.3074236
3417.0,224.0,0.14059209823608398,4.693878889083862,385,3,1756654000.3432958,1756654005.1777673
3667.0,191.0,0.7349021434783936,4.23580527305603,385,4,1756654005.2297206,1756654010.2004285
3882.0,259.0,0.08170533180236816,3.3654394149780273,385,5,1756654010.2314243,1756654013.678569
3510.0,78.0,0.19673609733581543,0.9150063991546631,409,1,1756654005.3323965,1756654006.4441397
3609.0,84.0,0.4308652877807617,1.7404944896697998,409,2,1756654006.4570782,1756654008.6284382
3715.0,84.0,0.08349204063415527,1.060986042022705,409,3,1756654008.6973093,1756654009.8417878
3818.0,158.0,0.07550477981567383,1.9005911350250244,409,4,1756654009.9304552,1756654011.9065516
4097.0,126.0,0.17229938507080078,1.6877760887145996,409,5,1756654011.9627392,1756654013.8228154
3155.0,300.0,0.16084694862365723,3.600907564163208,392,1,1756653998.4079328,1756654002.1696877
3466.0,295.0,0.054776668548583984,3.5150811672210693,392,2,1756654002.2660944,1756654005.8359532
3772.0,279.0,0.05490303039550781,3.318739175796509,392,3,1756654005.8395152,1756654009.213158
4154.0,300.0,0.06487011909484863,3.8887526988983154,392,4,1756654009.3030043,1756654013.2566278
4563.0,108.0,0.06308746337890625,1.475010633468628,392,5,1756654013.2913184,1756654014.8294168
3136.0,219.0,1.0237443447113037,4.634542465209961,405,1,1756654003.7032714,1756654009.3615582
3372.0,114.0,0.3597564697265625,1.3782944679260254,405,2,1756654009.4037485,1756654011.1418002
3509.0,128.0,0.06600356101989746,1.709742546081543,405,3,1756654011.1426485,1756654012.9183946
3653.0,16.0,0.07999467849731445,0.20940160751342773,405,4,1756654012.9805987,1756654013.269995
3688.0,90.0,0.08565020561218262,1.1982669830322266,405,5,1756654013.9062576,1756654015.1901753
3059.0,232.0,1.0336377620697021,5.151998281478882,384,1,1756653995.1457756,1756654001.3314123
3308.0,300.0,0.17029881477355957,3.5637359619140625,384,2,1756654001.3524342,1756654005.0864697
3626.0,51.0,0.16805028915405273,1.1922962665557861,384,3,1756654005.129305,1756654006.489652
3698.0,300.0,0.8267936706542969,6.290604829788208,384,4,1756654006.5630462,1756654013.6804447
4025.0,117.0,0.15817904472351074,1.5905306339263916,384,5,1756654013.7026446,1756654015.451355
3065.0,262.0,0.15262985229492188,3.1128621101379395,398,1,1756654000.846963,1756654004.1124551
3341.0,89.0,0.04373741149902344,1.053675651550293,398,2,1756654004.209811,1756654005.3072245
3452.0,142.0,0.05890703201293945,1.7020177841186523,398,3,1756654005.3305237,1756654007.091449
3623.0,111.0,0.04655289649963379,1.3194806575775146,398,4,1756654007.1728518,1756654008.538886
3755.0,300.0,0.5326662063598633,6.519067764282227,398,5,1756654008.5935192,1756654015.6452537
3068.0,265.0,0.14768075942993164,3.107728958129883,395,1,1756653999.6335764,1756654002.8889868
3358.0,296.0,0.06598782539367676,3.539505958557129,395,2,1756654002.98249,1756654006.5879843
3702.0,238.0,0.05421042442321777,2.833547830581665,395,3,1756654006.6651297,1756654009.5528884
3966.0,249.0,0.08295130729675293,3.2080817222595215,395,4,1756654009.6274886,1756654012.918522
4244.0,198.0,0.07337236404418945,2.6728413105010986,395,5,1756654012.978041,1756654015.724255
3401.0,164.0,0.13572120666503906,1.9303781986236572,408,1,1756654004.9307592,1756654006.9968593
3603.0,151.0,0.058869361877441406,1.772078275680542,408,2,1756654007.0664973,1756654008.8974454
3768.0,104.0,0.09235978126525879,1.294715404510498,408,3,1756654009.0000377,1756654010.3871136
3907.0,189.0,0.05488181114196777,2.4809978008270264,408,4,1756654010.4321904,1756654012.968071
4110.0,204.0,0.0735170841217041,2.7512965202331543,408,5,1756654012.9854312,1756654015.8102448
3106.0,41.0,0.18390798568725586,0.49923110008239746,418,1,1756654009.0015683,1756654009.6847074
3218.0,89.0,0.06753301620483398,1.0491282939910889,418,2,1756654009.9325745,1756654011.0492363
3401.0,123.0,0.06038093566894531,1.6566135883331299,418,3,1756654011.144635,1756654012.86163
3545.0,70.0,0.05780529975891113,0.9179775714874268,418,4,1756654012.8821635,1756654013.857947
3634.0,65.0,0.7569389343261719,1.3390834331512451,418,5,1756654013.9086366,1756654016.004659
3101.0,295.0,0.6466479301452637,6.4361326694488525,389,1,1756653997.1896942,1756654004.2724767
3446.0,300.0,0.1984119415283203,3.494227170944214,389,2,1756654004.314078,1756654008.0067177
3762.0,300.0,0.04742550849914551,3.7175493240356445,389,3,1756654008.0815718,1756654011.8465466
4081.0,152.0,0.1434788703918457,2.087062120437622,389,4,1756654011.859958,1756654014.0904992
4254.0,152.0,0.046486616134643555,2.032147169113159,389,5,1756654014.1100059,1756654016.1886396
3093.0,41.0,1.1442928314208984,0.8008697032928467,421,1,1756654010.2354312,1756654012.1805944
3156.0,14.0,0.1705329418182373,0.18447184562683105,421,2,1756654012.2671103,1756654012.6221159
3186.0,15.0,1.7493367195129395,0.30330348014831543,421,3,1756654013.190894,1756654015.2435343
3455.0,85.0,0.0756218433380127,1.0392906665802002,421,4,1756654015.3481643,1756654016.4630768
3550.0,37.0,0.06827783584594727,0.4683513641357422,421,5,1756654016.4754055,1756654017.0120354
3091.0,4.0,0.1678941249847412,0.0394437313079834,420,1,1756654009.8330991,1756654010.0404377
3190.0,13.0,0.09058928489685059,0.1385498046875,420,2,1756654010.7393537,1756654010.9684935
3291.0,114.0,0.052892208099365234,1.5629711151123047,420,3,1756654011.651611,1756654013.2674763
3548.0,87.0,0.05842471122741699,1.1892180442810059,420,4,1756654013.2938387,1756654014.541482
3661.0,87.0,1.750697374343872,2.0295231342315674,420,5,1756654014.6328857,1756654018.4131062
3066.0,132.0,0.9972620010375977,2.7719333171844482,407,1,1756654004.5248232,1756654008.294019
3212.0,163.0,0.1663799285888672,3.3834104537963867,407,2,1756654008.3850384,1756654011.9348292
3389.0,156.0,0.17314410209655762,2.0865025520324707,407,3,1756654011.9612813,1756654014.2209284
3559.0,185.0,0.18483710289001465,2.279076337814331,407,4,1756654014.3122115,1756654016.7761257
3759.0,197.0,0.06144523620605469,2.658088445663452,407,5,1756654016.7878184,1756654019.507352
3083.0,274.0,0.14548087120056152,3.2785377502441406,393,1,1756653998.815486,1756654002.239505
3376.0,147.0,0.74918532371521,2.96586012840271,393,2,1756654002.2676387,1756654005.9826844
3608.0,77.0,0.2911953926086426,1.6145262718200684,393,3,1756654006.0523386,1756654007.9580607
3708.0,300.0,0.054733991622924805,3.72273588180542,393,4,1756654007.9791222,1756654011.7565928
4029.0,300.0,0.9552962779998779,7.178066730499268,393,5,1756654011.861981,1756654019.9953446
3081.0,197.0,0.14382290840148926,2.33634614944458,404,1,1756654003.2880313,1756654005.7682009
3340.0,230.0,0.05235552787780762,2.7122581005096436,404,2,1756654005.84151,1756654008.6061246
3614.0,128.0,0.9468033313751221,2.8922104835510254,404,3,1756654008.695816,1756654012.5348299
3764.0,167.0,1.3683192729949951,3.7155377864837646,404,4,1756654012.570678,1756654017.654535
3955.0,186.0,0.05951499938964844,2.3627047538757324,404,5,1756654017.7035806,1756654020.1258008
3064.0,92.0,0.14206218719482422,1.0897538661956787,406,1,1756654004.1111095,1756654005.3429255
3176.0,171.0,0.06618881225585938,1.995507001876831,406,2,1756654005.4395933,1756654007.5012903
3367.0,178.0,0.04163813591003418,2.2085299491882324,406,3,1756654007.573881,1756654009.8240495
3574.0,161.0,0.0677039623260498,1.9679594039916992,406,4,1756654009.829703,1756654011.8653674
3758.0,276.0,1.930424690246582,6.6347081661224365,406,5,1756654011.959167,1756654020.5242999
3083.0,21.0,0.23208403587341309,0.275252103805542,419,1,1756654009.4053054,1756654009.912642
3154.0,190.0,0.0439450740814209,2.4860596656799316,419,2,1756654010.3317928,1756654012.861798
3460.0,205.0,0.05900692939758301,2.753627061843872,419,3,1756654012.884258,1756654015.6968925
3790.0,178.0,0.059947967529296875,2.2110369205474854,419,4,1756654015.75903,1756654018.0300152
4047.0,194.0,0.06543540954589844,2.4567975997924805,419,5,1756654018.1045663,1756654020.6267993
3065.0,250.0,0.6921188831329346,5.266302585601807,397,1,1756654000.4412222,1756654006.3996444
3350.0,296.0,0.15855646133422852,3.570927143096924,397,2,1756654006.4554884,1756654010.1849728
3679.0,264.0,0.07997608184814453,3.429011821746826,397,3,1756654010.2338831,1756654013.7428715
3976.0,138.0,0.42225170135498047,3.0344488620758057,397,4,1756654013.800436,1756654017.2571366
4153.0,300.0,0.05476951599121094,3.8305399417877197,397,5,1756654017.3002293,1756654021.1855392
3065.0,90.0,0.1506357192993164,1.2006258964538574,416,1,1756654008.182231,1756654009.5334933
3172.0,300.0,0.0785071849822998,3.8526034355163574,416,2,1756654009.6306446,1756654013.5617552
3493.0,51.0,0.06871795654296875,0.6643450260162354,416,3,1756654013.5950062,1756654014.32807
3567.0,112.0,1.9841015338897705,2.3463823795318604,416,4,1756654014.539194,1756654018.8696787
3697.0,182.0,0.05437064170837402,2.2950098514556885,416,5,1756654018.9278092,1756654021.2771902
3079.0,272.0,0.1705329418182373,3.2524144649505615,402,1,1756654002.4717832,1756654005.8947313
3401.0,294.0,0.041872501373291016,3.53397274017334,402,2,1756654005.949052,1756654009.5248978
3787.0,300.0,0.07862353324890137,3.853721857070923,402,3,1756654009.6292493,1756654013.561595
4175.0,300.0,0.06980586051940918,3.9146828651428223,402,4,1756654013.592855,1756654017.5773444
4535.0,300.0,0.08816981315612793,3.943216562271118,402,5,1756654017.6012158,1756654021.6326027
3282.0,300.0,0.1526200771331787,3.611846685409546,391,1,1756653997.998432,1756654001.7628994
3600.0,276.0,0.042473554611206055,3.275331974029541,391,2,1756654001.8582067,1756654005.1760128
3895.0,300.0,2.2905991077423096,6.990072011947632,391,3,1756654005.231771,1756654014.5124426
4216.0,300.0,0.0991518497467041,3.8506736755371094,391,4,1756654014.6292207,1756654018.5790467
4537.0,267.0,0.05640816688537598,3.4473578929901123,391,5,1756654018.6213238,1756654022.1250916
3093.0,300.0,1.517160177230835,6.697167634963989,396,1,1756654000.0453188,1756654008.2596467
3429.0,177.0,0.17490720748901367,2.15850567817688,396,2,1756654008.282868,1756654010.6162813
3631.0,300.0,0.0661766529083252,4.02051043510437,396,3,1756654010.6420646,1756654014.7287517
3950.0,300.0,0.06650424003601074,3.8566901683807373,396,4,1756654014.7298937,1756654018.6530888
4272.0,300.0,0.06709098815917969,3.9040534496307373,396,5,1756654018.7191255,1756654022.6902707
3076.0,252.0,0.14532732963562012,2.9900307655334473,411,1,1756654006.1525438,1756654009.2879024
3344.0,217.0,0.06077075004577637,2.7526302337646484,411,2,1756654009.3051417,1756654012.1185434
3578.0,300.0,0.04453706741333008,4.033217668533325,411,3,1756654012.1696873,1756654016.2474425
3901.0,193.0,0.04091763496398926,2.4672629833221436,411,4,1756654016.2712846,1756654018.7794657
4121.0,300.0,0.06621050834655762,3.8976805210113525,411,5,1756654018.8280728,1756654022.7919648
3067.0,237.0,0.154158353805542,2.787950038909912,410,1,1756654005.7388244,1756654008.6809332
3334.0,286.0,0.08662033081054688,3.65702486038208,410,2,1756654008.698706,1756654012.4423518
3643.0,186.0,0.6060194969177246,4.143994331359863,410,3,1756654012.4703658,1756654017.2203803
3843.0,196.0,0.07059264183044434,2.4907288551330566,410,4,1756654017.302879,1756654019.8642013
4072.0,294.0,0.04908132553100586,3.8461103439331055,410,5,1756654019.9392602,1756654023.8344524
3071.0,179.0,0.13913226127624512,2.1015610694885254,401,1,1756654002.0620549,1756654004.3027482
3282.0,300.0,0.8570692539215088,6.743320941925049,401,2,1756654004.3177161,1756654011.9181066
3621.0,300.0,0.08006405830383301,4.061368703842163,401,3,1756654011.9573383,1756654016.0987718
3962.0,300.0,0.05678367614746094,3.7923738956451416,401,4,1756654016.1651926,1756654020.014351
4307.0,300.0,0.05963730812072754,3.9485039710998535,401,5,1756654020.041783,1756654024.049925
3068.0,300.0,0.688478946685791,6.684215545654297,383,1,1756653994.7422104,1756654002.114905
3392.0,300.0,0.5523545742034912,6.407320261001587,383,2,1756654002.1683447,1756654009.1280203
3716.0,300.0,0.6951286792755127,6.907694578170776,383,3,1756654009.2034929,1756654016.8063161
4035.0,297.0,0.3149995803833008,3.783623218536377,383,4,1756654016.8870568,1756654020.9856813
4353.0,230.0,0.05264925956726074,3.033261299133301,383,5,1756654021.0681324,1756654024.154043
3071.0,204.0,0.14920639991760254,2.5255842208862305,415,1,1756654007.7791805,1756654010.4539716
3314.0,300.0,0.045281171798706055,3.9742038249969482,415,2,1756654010.533092,1756654014.5525775
3680.0,226.0,0.09416699409484863,2.8737950325012207,415,3,1756654014.6313875,1756654017.59935
3924.0,270.0,0.08793210983276367,3.4596681594848633,415,4,1756654017.6051805,1756654021.1527815
4213.0,300.0,0.04524636268615723,4.003602027893066,415,5,1756654021.16662,1756654025.2154703
3063.0,122.0,0.1764364242553711,1.5385160446166992,432,1,1756654014.7319334,1756654016.4468863
3203.0,117.0,0.0794365406036377,1.4716484546661377,432,2,1756654016.4790943,1756654018.0301793
3352.0,160.0,0.06644940376281738,2.0166537761688232,432,3,1756654018.1069489,1756654020.1900527
3524.0,196.0,0.05017805099487305,2.6018662452697754,432,4,1756654020.2482975,1756654022.9003422
3743.0,200.0,0.07445955276489258,2.6096224784851074,432,5,1756654022.9156334,1756654025.599716
3063.0,247.0,1.2244324684143066,5.7380290031433105,414,1,1756654007.3754199,1756654014.3378816
3323.0,34.0,0.31120777130126953,0.44707179069519043,414,2,1756654014.4127176,1756654015.170998
3376.0,259.0,0.05484795570373535,3.306283473968506,414,3,1756654015.3462327,1756654018.7073646
3651.0,146.0,1.0358405113220215,2.8391270637512207,414,4,1756654018.7215617,1756654022.5965302
3813.0,146.0,0.23610353469848633,3.12384033203125,414,5,1756654022.5976026,1756654025.957547
3068.0,192.0,1.124234676361084,4.022886276245117,417,1,1756654008.5959482,1756654013.7430696
3277.0,268.0,0.17557096481323242,3.4699301719665527,417,2,1756654013.8025029,1756654017.448004
3564.0,300.0,0.04589724540710449,3.859576940536499,417,3,1756654017.502507,1756654021.407982
3880.0,186.0,0.16519570350646973,2.3817927837371826,417,4,1756654021.47942,1756654024.0264091
4087.0,174.0,0.04504203796386719,2.2703044414520264,417,5,1756654024.0454028,1756654026.3607492
3056.0,108.0,0.1914207935333252,1.3982946872711182,427,1,1756654012.6779447,1756654014.2676609
3221.0,256.0,0.19939327239990234,3.1956958770751953,427,2,1756654014.3142755,1756654017.7093656
3488.0,28.0,0.042572736740112305,0.36756324768066406,427,3,1756654017.802506,1756654018.212643
3532.0,273.0,0.06093955039978027,3.548922538757324,427,4,1756654018.7315865,1756654022.3414485
3816.0,300.0,0.05008983612060547,3.893740653991699,427,5,1756654022.3966987,1756654026.3405292
3061.0,300.0,0.11976838111877441,3.5263288021087646,394,1,1756653999.2264748,1756654002.8725724
3396.0,166.0,1.4398047924041748,3.758729934692383,394,2,1756654002.8826118,1756654008.081147
3591.0,246.0,0.05985879898071289,3.0648698806762695,394,3,1756654008.0833101,1756654011.2080421
3849.0,300.0,1.3570163249969482,6.616567134857178,394,4,1756654011.2512033,1756654019.2247872
4181.0,300.0,0.5545308589935303,7.486809015274048,394,5,1756654019.229224,1756654027.2705643
3056.0,124.0,0.31345629692077637,1.6135566234588623,426,1,1756654012.2686486,1756654014.195662
3190.0,155.0,0.054488420486450195,2.061378002166748,426,2,1756654014.2106605,1756654016.3265278
3355.0,219.0,1.0496881008148193,5.343554735183716,426,3,1756654016.3726149,1756654022.765859
3584.0,208.0,0.06963896751403809,2.711181879043579,426,4,1756654022.8170915,1756654025.5979123
3802.0,114.0,0.05577683448791504,1.543410301208496,426,5,1756654025.669254,1756654027.2684412
3127.0,159.0,0.14067411422729492,2.1669909954071045,425,1,1756654011.864328,1756654014.1719942
3301.0,173.0,0.044771432876586914,2.2728331089019775,425,2,1756654014.2090914,1756654016.5266976
3488.0,208.0,1.3132104873657227,4.135410785675049,425,3,1756654016.5832906,1756654022.031912
3779.0,202.0,0.07967758178710938,2.615278720855713,425,4,1756654022.089159,1756654024.7841158
4063.0,196.0,0.07688331604003906,2.626811981201172,425,5,1756654024.8589027,1756654027.562598
3084.0,300.0,0.15981817245483398,4.0347740650177,423,1,1756654011.042201,1756654015.2367938
3426.0,164.0,0.07896089553833008,2.061767101287842,423,2,1756654015.237552,1756654017.37828
3631.0,300.0,0.0452733039855957,3.8361523151397705,423,3,1756654017.3990664,1756654021.2804925
3957.0,79.0,0.10637998580932617,1.0281188488006592,423,4,1756654021.3722703,1756654022.5067697
4062.0,300.0,1.5870945453643799,6.0465779304504395,423,5,1756654022.600123,1756654030.2337961
3092.0,297.0,0.171705961227417,3.9638123512268066,422,1,1756654010.64395,1756654014.779469
3414.0,300.0,0.08918213844299316,3.832943916320801,422,2,1756654014.832854,1756654018.7549808
3738.0,300.0,0.06429147720336914,3.8955113887786865,422,3,1756654018.8303976,1756654022.7902012
4082.0,300.0,0.06755185127258301,3.962059259414673,422,4,1756654022.8148081,1756654026.84442
4433.0,300.0,0.05476236343383789,3.916308879852295,422,5,1756654026.902195,1756654030.873267
3082.0,222.0,0.1579277515411377,2.689509153366089,413,1,1756654006.9659524,1756654009.81339
3321.0,244.0,1.9505443572998047,5.725579023361206,413,2,1756654009.8318708,1756654017.5079947
3580.0,209.0,0.08887147903442383,2.6550419330596924,413,3,1756654017.6035883,1756654020.3475027
3804.0,207.0,0.045259714126586914,2.7692577838897705,413,4,1756654020.3479686,1756654023.1624866
4025.0,300.0,0.5635907649993896,7.59461236000061,413,5,1756654023.2191362,1756654031.3773398
3064.0,148.0,0.18614625930786133,1.9847161769866943,424,1,1756654011.4506118,1756654013.6214757
3237.0,300.0,0.4566314220428467,6.398054838180542,424,2,1756654013.7063806,1756654020.5610669
3558.0,53.0,0.05734848976135254,0.6910662651062012,424,3,1756654020.6572087,1756654021.4056244
3642.0,296.0,0.19066786766052246,6.184841632843018,424,4,1756654021.5793347,1756654027.9548447
3966.0,255.0,0.07067632675170898,3.3304104804992676,424,5,1756654028.0248573,1756654031.4259448
3056.0,92.0,0.1907179355621338,1.234346866607666,428,1,1756654013.0872002,1756654014.5122654
3158.0,129.0,0.08968758583068848,1.6647043228149414,428,2,1756654014.6348438,1756654016.3892362
3383.0,300.0,0.06700849533081055,3.81872820854187,428,3,1756654016.4775503,1756654020.3632874
3696.0,300.0,0.0867459774017334,4.009816408157349,428,4,1756654020.4508426,1756654024.5474055
4007.0,208.0,0.9893093109130859,5.94463324546814,428,5,1756654024.5595748,1756654031.4935184
3075.0,300.0,0.16885995864868164,3.915949821472168,429,1,1756654013.4922993,1756654017.5771096
3395.0,262.0,0.1002194881439209,3.3488214015960693,429,2,1756654017.6069422,1756654021.055983
3678.0,300.0,0.06803035736083984,3.9738388061523438,429,3,1756654021.0705507,1756654025.1124198
4007.0,238.0,0.06798291206359863,3.198603630065918,429,4,1756654025.1634836,1756654028.4300709
4265.0,262.0,0.05857348442077637,3.3771870136260986,429,5,1756654028.4341488,1756654031.86991
3082.0,2.0,0.20622491836547852,0.016301393508911133,465,1,1756654028.2329879,1756654028.455515
3120.0,21.0,0.06929302215576172,0.32359862327575684,465,2,1756654029.1443226,1756654029.537215
3210.0,22.0,0.05710172653198242,0.28177547454833984,465,3,1756654030.0582116,1756654030.3970888
3281.0,17.0,0.06823968887329102,0.2665116786956787,465,4,1756654030.972995,1756654031.3077471
3370.0,24.0,0.07079219818115234,0.36297130584716797,465,5,1756654031.8962717,1756654032.3300357
3060.0,240.0,1.9843432903289795,5.075483560562134,412,1,1756654006.565497,1756654013.6253245
3318.0,198.0,0.13530588150024414,2.6045877933502197,412,2,1756654013.7051075,1756654016.4450018
3533.0,300.0,0.07468843460083008,3.8152577877044678,412,3,1756654016.4735155,1756654020.3634622
3873.0,300.0,0.07304501533508301,4.025402545928955,412,4,1756654020.4487486,1756654024.5471969
4200.0,300.0,0.4032456874847412,7.886277914047241,412,5,1756654024.5571864,1756654032.8467107
3055.0,83.0,0.22803306579589844,1.126314401626587,431,1,1756654014.3155115,1756654015.6698596
3150.0,257.0,0.06199336051940918,3.262467861175537,431,2,1756654015.7611852,1756654019.0856464
3419.0,220.0,0.05603384971618652,2.8572099208831787,431,3,1756654019.1283634,1756654022.0416076
3652.0,270.0,0.7457220554351807,5.922915458679199,431,4,1756654022.0915937,1756654028.7602313
3935.0,300.0,0.05428957939147949,4.41830849647522,431,5,1756654028.8429422,1756654033.3155408
3507.0,300.0,0.19030141830444336,3.8357648849487305,437,1,1756654016.7901654,1756654020.8162317
4104.0,300.0,0.08041691780090332,3.9501030445098877,437,2,1756654020.8662956,1756654024.896816
4457.0,179.0,0.06052136421203613,2.386037588119507,437,3,1756654024.9622905,1756654027.4088495
4688.0,284.0,0.14742469787597656,3.690666437149048,437,4,1756654027.4134681,1756654031.25156
5024.0,211.0,0.13441157341003418,3.260653018951416,437,5,1756654031.2783027,1756654034.6733677
3091.0,8.0,0.18127679824829102,0.093414306640625,464,1,1756654027.8192904,1756654028.0939817
3131.0,14.0,0.060089111328125,0.17090249061584473,464,2,1756654028.7436392,1756654028.9746313
3228.0,25.0,0.0759127140045166,0.31649088859558105,464,3,1756654029.6532419,1756654030.0456462
3298.0,33.0,1.4881465435028076,2.2196202278137207,464,4,1756654030.5692973,1756654034.277064
3371.0,19.0,0.3991520404815674,0.5810892581939697,464,5,1756654034.3320982,1756654035.3123403
3116.0,209.0,0.6248903274536133,4.286860704421997,436,1,1756654016.3744185,1756654021.2861705
3382.0,266.0,0.26831865310668945,3.4415652751922607,436,2,1756654021.374404,1756654025.0842886
3710.0,258.0,0.06746959686279297,3.449563503265381,436,3,1756654025.1655781,1756654028.6826112
4054.0,300.0,0.06374287605285645,3.95885968208313,436,4,1756654028.7403586,1756654032.7629616
4414.0,167.0,0.4741647243499756,2.2013533115386963,436,5,1756654032.808182,1756654035.4837005
3085.0,116.0,0.20217132568359375,1.446448564529419,434,1,1756654015.546135,1756654017.1947558
3263.0,269.0,0.7969956398010254,6.236691474914551,434,2,1756654017.1954236,1756654024.2291112
3572.0,204.0,0.0853731632232666,2.682910680770874,434,3,1756654024.252854,1756654027.021138
3815.0,300.0,0.07427453994750977,3.8953049182891846,434,4,1756654027.107098,1756654031.076678
4175.0,300.0,0.07800436019897461,4.471139907836914,434,5,1756654031.172253,1756654035.7213979
3066.0,105.0,1.5596907138824463,3.776604175567627,461,1,1756654026.5985913,1756654031.934887
3197.0,56.0,0.23789691925048828,1.2278268337249756,461,2,1756654031.9966667,1756654033.4623911
3288.0,14.0,0.043764591217041016,0.15958499908447266,461,3,1756654033.5213974,1756654033.7247477
3329.0,5.0,0.11598634719848633,0.04126691818237305,461,4,1756654034.430645,1756654034.5878987
3349.0,22.0,0.05039048194885254,0.27523303031921387,461,5,1756654035.3545554,1756654035.6801796
3391.0,2.0,2.2177481651306152,0.04012274742126465,466,1,1756654028.63922,1756654030.8970914
3679.0,3.0,0.20712041854858398,0.02852320671081543,466,2,1756654030.9749074,1756654031.2105515
3706.0,6.0,0.15343999862670898,0.08399462699890137,466,3,1756654031.8988786,1756654032.136314
3726.0,154.0,0.46938109397888184,2.037443161010742,466,4,1756654032.8105934,1756654035.3174186
3972.0,38.0,0.062252044677734375,0.48035621643066406,466,5,1756654035.3581264,1756654035.9007354
3086.0,258.0,0.1846163272857666,3.3598713874816895,435,1,1756654015.9630215,1756654019.5075104
3406.0,300.0,0.052855491638183594,4.046650409698486,435,2,1756654019.6353161,1756654023.734823
3775.0,300.0,0.07154250144958496,3.9846816062927246,435,3,1756654023.8349657,1756654027.8911903
4098.0,90.0,0.07322120666503906,1.1717755794525146,435,4,1756654027.922556,1756654029.1675549
4218.0,300.0,1.2491233348846436,7.501122713088989,435,5,1756654029.2449563,1756654037.9952025
3074.0,267.0,0.23044037818908691,3.447723627090454,450,1,1756654022.0944684,1756654025.7726328
3389.0,137.0,0.056535959243774414,1.8772292137145996,450,2,1756654025.7751038,1756654027.708869
3580.0,182.0,0.04881596565246582,2.3793108463287354,450,3,1756654027.7183607,1756654030.146488
3816.0,300.0,0.0467989444732666,4.459540843963623,450,4,1756654030.1574361,1756654034.6637764
4169.0,243.0,0.07121610641479492,3.3532702922821045,450,5,1756654034.7475338,1756654038.1720207
3103.0,174.0,0.24680328369140625,2.189906597137451,441,1,1756654018.416425,1756654020.853135
3359.0,187.0,0.07366538047790527,2.7679524421691895,441,2,1756654020.8678367,1756654023.709455
3586.0,269.0,1.0046107769012451,7.338290691375732,441,3,1756654023.83838,1756654032.181282
3944.0,239.0,0.05726337432861328,3.606788396835327,441,4,1756654032.1985326,1756654035.862585
4272.0,172.0,0.06755542755126953,2.401521921157837,441,5,1756654035.8668637,1756654038.3359416
3103.0,300.0,0.2453625202178955,3.954617977142334,446,1,1756654020.4526534,1756654024.6526349
3461.0,215.0,0.04343128204345703,2.887906312942505,446,2,1756654024.6572225,1756654027.58856
3730.0,300.0,0.05208587646484375,3.940833330154419,446,3,1756654027.6138377,1756654031.6067576
4084.0,137.0,0.05205512046813965,2.2965199947357178,446,4,1756654031.69089,1756654034.0394654
4281.0,300.0,0.15997076034545898,4.046975374221802,446,5,1756654034.1282673,1756654038.3352134
3113.0,298.0,1.8491733074188232,7.5554986000061035,438,1,1756654017.197625,1756654026.6022968
3439.0,126.0,0.13332509994506836,1.6993367671966553,438,2,1756654026.6971886,1756654028.5298507
3582.0,213.0,0.045145511627197266,2.745237350463867,438,3,1756654028.5346174,1756654031.3250008
3856.0,300.0,0.04663395881652832,4.433888673782349,438,4,1756654031.3774946,1756654035.8580182
4189.0,183.0,0.06942915916442871,2.5408761501312256,438,5,1756654035.8644977,1756654038.4748037
3069.0,161.0,0.14331722259521484,2.0894172191619873,463,1,1756654027.4163313,1756654029.6490667
3251.0,98.0,0.062255859375,1.2154409885406494,463,2,1756654029.6520798,1756654030.9297774
3368.0,202.0,0.06659603118896484,3.265861988067627,463,3,1756654030.9713657,1756654034.303824
3599.0,157.0,0.1558833122253418,1.9534473419189453,463,4,1756654034.329964,1756654036.439295
3787.0,179.0,0.09922623634338379,2.4589006900787354,463,5,1756654036.4748683,1756654039.0329952
3160.0,23.0,0.16957783699035645,0.3161923885345459,460,1,1756654026.1847057,1756654026.670476
3205.0,242.0,0.08536148071289062,3.186018705368042,460,2,1756654027.1106281,1756654030.3820083
3465.0,175.0,0.044107913970947266,2.805445432662964,460,3,1756654030.465494,1756654033.3150477
3662.0,160.0,0.09196782112121582,2.0847997665405273,460,4,1756654033.3202953,1756654035.4970634
3859.0,300.0,0.06774330139160156,4.135538578033447,460,5,1756654035.558188,1756654039.7614703
3073.0,143.0,0.1780414581298828,1.8099603652954102,440,1,1756654018.0040345,1756654019.9920368
3321.0,260.0,0.06587362289428711,3.5995843410491943,440,2,1756654020.044238,1756654023.7096965
3647.0,300.0,0.07193827629089355,3.985658645629883,440,3,1756654023.8368268,1756654027.8944244
4023.0,219.0,0.7972307205200195,8.321764469146729,440,4,1756654027.924687,1756654037.0436826
4302.0,222.0,0.07234597206115723,3.041553497314453,440,5,1756654037.082612,1756654040.1965122
3103.0,300.0,0.8255600929260254,7.5060319900512695,442,1,1756654018.831966,1756654027.163558
3475.0,271.0,0.23043417930603027,3.493070602416992,442,2,1756654027.2082264,1756654030.9317315
3797.0,162.0,0.046570539474487305,2.7117083072662354,442,3,1756654030.9662752,1756654033.7245548
4031.0,269.0,0.05584883689880371,3.6294775009155273,442,4,1756654033.7258208,1756654037.4111474
4367.0,278.0,0.05431342124938965,3.9053385257720947,442,5,1756654037.4866729,1756654041.4463267
3061.0,31.0,0.15851449966430664,0.8579258918762207,475,1,1756654032.2988582,1756654033.3152995
3143.0,157.0,0.09134507179260254,2.0453009605407715,475,2,1756654033.3254352,1756654035.462082
3346.0,142.0,0.08144831657409668,1.9963433742523193,475,3,1756654035.5606048,1756654037.6383965
3552.0,149.0,0.11783456802368164,1.9761407375335693,475,4,1756654037.6920068,1756654039.7859821
3759.0,136.0,0.05760526657104492,1.9683785438537598,475,5,1756654039.8461604,1756654041.872145
3068.0,10.0,0.16093063354492188,0.10883975028991699,473,1,1756654031.4878526,1756654031.757624
3092.0,117.0,0.058089256286621094,2.072880744934082,473,2,1756654032.4014325,1756654034.5324032
3232.0,158.0,0.07355546951293945,2.1341984272003174,473,3,1756654034.6442695,1756654036.852024
3414.0,197.0,0.09840989112854004,2.686121702194214,473,4,1756654036.8794909,1756654039.6640227
3633.0,148.0,0.11820244789123535,2.1378378868103027,473,5,1756654039.7463508,1756654042.002392
3063.0,213.0,0.1725456714630127,2.801692008972168,462,1,1756654027.0077581,1756654029.9819963
3293.0,184.0,0.060515403747558594,2.4526102542877197,462,2,1756654030.0567925,1756654032.5699186
3526.0,135.0,2.125304937362671,5.511753559112549,462,3,1756654032.6072173,1756654040.244276
3685.0,81.0,0.07081460952758789,1.1926591396331787,462,4,1756654040.2608566,1756654041.524331
3789.0,86.0,0.09256529808044434,1.299414873123169,462,5,1756654041.5880544,1756654042.9800353
3115.0,25.0,0.3999314308166504,0.296130895614624,477,1,1756654033.1168199,1756654033.812883
3170.0,34.0,0.06841301918029785,0.4767649173736572,477,2,1756654034.0277364,1756654034.5729153
3932.0,16.0,0.09806418418884277,0.18902325630187988,477,3,1756654034.9462457,1756654035.2333336
3975.0,151.0,2.071410655975342,4.1508238315582275,477,4,1756654035.8704848,1756654042.0927215
4145.0,76.0,0.07796287536621094,1.1890835762023926,477,5,1756654042.1069093,1756654043.3739557
3089.0,3.0,0.1878361701965332,0.029944181442260742,483,1,1756654035.5620885,1756654035.77987
3122.0,14.0,0.09320211410522461,0.17539525032043457,483,2,1756654036.4770741,1756654036.7456717
3657.0,27.0,0.15337729454040527,0.3729403018951416,483,3,1756654037.3917074,1756654037.9180257
3709.0,204.0,0.052902936935424805,2.9155008792877197,483,4,1756654038.3032503,1756654041.2716548
3949.0,37.0,2.368509292602539,0.9787263870239258,483,5,1756654041.2849972,1756654044.6322334
3079.0,27.0,0.17446088790893555,0.3375825881958008,469,1,1756654029.8552496,1756654030.3672934
3200.0,236.0,0.05836629867553711,3.734321117401123,469,2,1756654030.7672226,1756654034.559911
3502.0,262.0,0.07628679275512695,3.592909574508667,469,3,1756654034.6427374,1756654038.3119342
3788.0,166.0,0.06549668312072754,2.3270888328552246,469,4,1756654038.4042065,1756654040.7967925
4025.0,300.0,0.08676648139953613,4.488950729370117,469,5,1756654040.8773394,1756654045.4530573
3107.0,182.0,1.0673940181732178,3.54732084274292,445,1,1756654020.0458255,1756654024.6605413
3352.0,300.0,0.17394661903381348,4.007084369659424,445,2,1756654024.7603757,1756654028.9414072
3711.0,300.0,0.8141932487487793,7.612626791000366,445,3,1756654028.942012,1756654037.3688338
4072.0,300.0,0.09485077857971191,4.209609746932983,445,4,1756654037.3862286,1756654041.6906896
4433.0,251.0,0.0928955078125,3.7491707801818848,445,5,1756654041.7959402,1756654045.638007
3122.0,85.0,0.703559160232544,1.145029067993164,476,1,1756654032.7108755,1756654034.5594642
3233.0,89.0,1.4535679817199707,4.207659721374512,476,2,1756654034.645762,1756654040.3069901
3344.0,114.0,0.08474397659301758,1.6692545413970947,476,3,1756654040.3672206,1756654042.1212208
3479.0,140.0,0.161057710647583,2.226458787918091,476,4,1756654042.2095048,1756654044.597022
3633.0,105.0,0.06128644943237305,1.5098638534545898,476,5,1756654044.663767,1756654046.2349174
3159.0,300.0,1.1353545188903809,6.219329118728638,430,1,1756654013.9107459,1756654021.2654305
3485.0,125.0,0.28090429306030273,1.6250290870666504,430,2,1756654021.2672262,1756654023.1731606
3638.0,300.0,4.129476308822632,7.417221784591675,430,3,1756654023.2215338,1756654034.7682328
3972.0,169.0,0.10882163047790527,2.289436101913452,430,4,1756654034.8469841,1756654037.2452424
4193.0,300.0,0.8001210689544678,8.249311208724976,430,5,1756654037.2860894,1756654046.3355227
3072.0,81.0,0.20021533966064453,1.05704927444458,470,1,1756654030.2609885,1756654031.5182538
3180.0,89.0,0.05452919006347656,1.6522233486175537,470,2,1756654031.593652,1756654033.3004053
3362.0,300.0,0.09229731559753418,4.033823013305664,470,3,1756654033.323882,1756654037.4500043
3697.0,300.0,0.06917643547058105,4.196988582611084,470,4,1756654037.489128,1756654041.7552936
4056.0,300.0,0.09290742874145508,4.498288631439209,470,5,1756654041.8007054,1756654046.391902
3073.0,300.0,0.20081305503845215,3.9766175746917725,458,1,1756654025.372252,1756654029.5496836
3423.0,300.0,0.06569743156433105,4.454039096832275,458,2,1756654029.6505938,1756654034.1703303
3777.0,266.0,0.05545520782470703,3.6207072734832764,458,3,1756654034.2288055,1756654037.9049685
4104.0,300.0,0.06892228126525879,4.232369661331177,458,4,1756654037.9968228,1756654042.2981155
4473.0,300.0,0.0978543758392334,4.480788946151733,458,5,1756654042.3174274,1756654046.8960707
3111.0,237.0,0.19663166999816895,3.055025577545166,451,1,1756654022.4969769,1756654025.7486343
3405.0,300.0,0.07285284996032715,3.9972469806671143,451,2,1756654025.7766209,1756654029.8467212
3757.0,300.0,0.06617617607116699,4.618204832077026,451,3,1756654029.8535044,1756654034.5378861
4112.0,221.0,0.8466196060180664,7.186488389968872,451,4,1756654034.6387231,1756654042.6718318
4379.0,300.0,0.10791611671447754,4.459511756896973,451,5,1756654042.7223406,1756654047.289769
3082.0,300.0,2.0482771396636963,7.428897380828857,449,1,1756654021.6840518,1756654031.161227
3442.0,300.0,0.23413538932800293,4.440939903259277,449,2,1756654031.1747673,1756654035.8498433
3782.0,300.0,0.07376503944396973,4.149190425872803,449,3,1756654035.8690119,1756654040.0919676
4128.0,188.0,0.11930441856384277,2.788144826889038,449,4,1756654040.1556501,1756654043.0630999
4367.0,300.0,0.07214045524597168,4.4206383228302,449,5,1756654043.13569,1756654047.6284692
3068.0,300.0,0.17523431777954102,3.822939395904541,433,1,1756654015.138831,1756654019.1370046
3390.0,300.0,1.4244208335876465,7.334707736968994,433,2,1756654019.2316709,1756654027.9908
3711.0,300.0,1.0568151473999023,9.5369131565094,433,3,1756654028.0272343,1756654038.6209626
4033.0,300.0,0.0887594223022461,4.3915345668792725,433,4,1756654038.7184114,1756654043.1987054
4351.0,300.0,0.07405447959899902,4.423670530319214,433,5,1756654043.233718,1756654047.7314434
3196.0,23.0,0.21143126487731934,0.3290712833404541,494,1,1756654040.05673,1756654040.597233
3230.0,39.0,1.1753251552581787,0.7456507682800293,494,2,1756654040.9829538,1756654042.9039307
3294.0,92.0,0.07404899597167969,1.5564100742340088,494,3,1756654042.929939,1756654044.5603988
3432.0,91.0,0.07393598556518555,1.2804207801818848,494,4,1756654044.6679597,1756654046.0223172
3549.0,106.0,0.09664463996887207,1.5547375679016113,494,5,1756654046.1029258,1756654047.7543087
3110.0,275.0,0.1880197525024414,3.613424777984619,448,1,1756654021.2687495,1756654025.070195
3420.0,300.0,0.07761597633361816,3.9942216873168945,448,2,1756654025.1670148,1756654029.2388532
3767.0,300.0,2.319676399230957,7.365982294082642,448,3,1756654029.2473464,1756654038.9330056
4122.0,272.0,0.11599397659301758,3.983832597732544,448,4,1756654039.0286326,1756654043.1284597
4469.0,216.0,0.46785545349121094,4.944426774978638,448,5,1756654043.1331952,1756654048.5454774
3105.0,282.0,0.22367405891418457,3.713839530944824,452,1,1756654022.918123,1756654026.8556373
3421.0,300.0,1.843273401260376,7.6676344871521,452,2,1756654026.9051697,1756654036.416078
3763.0,300.0,0.09946489334106445,4.169990301132202,452,3,1756654036.4729862,1756654040.742442
4128.0,300.0,0.07368993759155273,4.501636981964111,452,4,1756654040.7718828,1756654045.3472102
4493.0,300.0,0.10202193260192871,4.525395393371582,452,5,1756654045.388994,1756654050.0164113
3098.0,221.0,0.4067966938018799,2.6568965911865234,453,1,1756654023.3230329,1756654026.3867261
3371.0,299.0,0.7324244976043701,9.502962350845337,453,2,1756654026.387226,1756654036.6226134
3713.0,300.0,0.05653262138366699,4.17411732673645,453,3,1756654036.674376,1756654040.9050267
4075.0,299.0,0.16982388496398926,4.421293020248413,453,4,1756654040.9808273,1756654045.571946
4428.0,300.0,0.10014581680297852,4.318704128265381,453,5,1756654045.5980809,1756654050.0169327
3088.0,209.0,0.1661977767944336,2.7490487098693848,455,1,1756654024.1462057,1756654027.0614543
3347.0,268.0,0.08550453186035156,3.5032765865325928,455,2,1756654027.1092741,1756654030.6980557
3652.0,236.0,0.05771923065185547,3.7364516258239746,455,3,1756654030.7655118,1756654034.5596836
3940.0,220.0,6.253342628479004,5.158993482589722,455,4,1756654034.6408594,1756654046.053196
4223.0,267.0,0.10476112365722656,3.815783739089966,455,5,1756654046.0961232,1756654050.016668
3087.0,291.0,0.2305128574371338,3.8643620014190674,459,1,1756654025.7779174,1756654029.8727927
3440.0,195.0,0.07839345932006836,2.5886106491088867,459,2,1756654029.9535704,1756654032.6205752
3697.0,300.0,0.5233118534088135,4.068658351898193,459,3,1756654032.7077,1756654037.2996707
4054.0,300.0,0.08843803405761719,4.214105606079102,459,4,1756654037.3883862,1756654041.6909308
4415.0,284.0,1.4775042533874512,6.717902660369873,459,5,1756654041.7984288,1756654049.9938357
3075.0,57.0,0.3218216896057129,0.7769992351531982,492,1,1756654039.2372513,1756654040.3360727
3161.0,211.0,0.18652796745300293,3.1912381649017334,492,2,1756654040.3703344,1756654043.7481005
3408.0,265.0,0.11028766632080078,3.832782745361328,492,3,1756654043.8409863,1756654047.7840567
3693.0,54.0,0.08309316635131836,0.7255923748016357,492,4,1756654047.875757,1756654048.6844435
3778.0,67.0,0.06227231025695801,1.1352458000183105,492,5,1756654048.7966468,1756654049.994165
3126.0,300.0,0.6876034736633301,6.168444871902466,444,1,1756654019.6368196,1756654026.4928684
3495.0,284.0,0.22095036506652832,3.7709646224975586,444,2,1756654026.4982715,1756654030.4901886
3845.0,263.0,0.3340737819671631,10.15292763710022,444,3,1756654030.5640492,1756654041.051051
4159.0,291.0,0.13472390174865723,4.2998692989349365,444,4,1756654041.0767777,1756654045.5113719
4514.0,300.0,0.10206246376037598,4.357065200805664,444,5,1756654045.5955052,1756654050.054633
3138.0,190.0,0.2193434238433838,2.7879953384399414,493,1,1756654039.6442542,1756654042.6515934
3361.0,188.0,0.09995412826538086,2.7891972064971924,493,2,1756654042.726204,1756654045.6153557
3604.0,164.0,0.04753303527832031,2.3738815784454346,493,3,1756654045.6940393,1756654048.115454
3788.0,45.0,0.13690781593322754,0.5523827075958252,493,4,1756654048.1826465,1756654048.871937
3852.0,67.0,0.10168004035949707,0.9200448989868164,493,5,1756654049.10707,1756654050.1287954
3096.0,221.0,0.8843967914581299,4.525460243225098,447,1,1756654020.8690696,1756654026.2789288
3373.0,300.0,0.23853325843811035,3.9930059909820557,447,2,1756654026.2836914,1756654030.5152307
3746.0,300.0,0.41739869117736816,10.929145336151123,447,3,1756654030.5658426,1756654041.9123874
4095.0,257.0,0.06937313079833984,3.851177930831909,447,4,1756654042.0024035,1756654045.9229555
4420.0,300.0,0.0688025951385498,4.256285905838013,447,5,1756654045.9956112,1756654050.3207002
3076.0,208.0,0.19180703163146973,2.7192344665527344,454,1,1756654023.7730525,1756654026.684094
3323.0,284.0,0.1314394474029541,3.731623649597168,454,2,1756654026.6986997,1756654030.5617633
3649.0,300.0,0.7969248294830322,10.870827436447144,454,3,1756654030.5677783,1756654042.2355318
3995.0,300.0,0.08695054054260254,4.479353666305542,454,4,1756654042.315287,1756654046.8815923
4353.0,237.0,0.0731348991394043,3.2985188961029053,454,5,1756654046.9611921,1756654050.3328466
3120.0,272.0,2.099332809448242,7.405782699584961,456,1,1756654024.56161,1756654034.0667255
3467.0,245.0,0.1376481056213379,3.313585042953491,456,2,1756654034.1307108,1756654037.581944
3765.0,270.0,0.05931282043457031,3.797792911529541,456,3,1756654037.5893977,1756654041.4465039
4097.0,300.0,0.06806349754333496,4.469615697860718,456,4,1756654041.4874954,1756654046.025175
4479.0,300.0,0.1519925594329834,4.248547077178955,456,5,1756654046.0988357,1756654050.4993758
3068.0,275.0,0.16811084747314453,4.086827993392944,467,1,1756654029.0438213,1756654033.2987611
3368.0,195.0,1.342132329940796,4.866856336593628,467,2,1756654033.3225727,1756654039.5315614
3586.0,121.0,0.06517338752746582,1.7927017211914062,467,3,1756654039.6422753,1756654041.5001514
3724.0,118.0,0.08278441429138184,1.8249497413635254,467,4,1756654041.590607,1756654043.498342
3861.0,189.0,1.6418335437774658,5.678748369216919,467,5,1756654043.538641,1756654050.8592236
3391.0,198.0,0.25904059410095215,2.9747982025146484,499,1,1756654042.1111472,1756654045.3449864
3775.0,118.0,0.10945725440979004,1.7587089538574219,499,2,1756654045.3932428,1756654047.2614095
3921.0,7.0,2.7355663776397705,0.09439611434936523,499,3,1756654047.2646627,1756654050.094626
4141.0,106.0,0.07557082176208496,1.6031246185302734,499,4,1756654050.16856,1756654051.8472564
4380.0,16.0,0.08635640144348145,0.21401548385620117,499,5,1756654051.9196298,1756654052.2200027
3086.0,220.0,0.28519487380981445,3.140608787536621,491,1,1756654038.8197749,1756654042.245579
3398.0,258.0,0.08180713653564453,3.859210729598999,491,2,1756654042.3195689,1756654046.2605867
3709.0,300.0,0.1590726375579834,4.221949815750122,491,3,1756654046.3363965,1756654050.7174199
4026.0,29.0,0.08503174781799316,0.4849131107330322,491,4,1756654050.7897074,1756654051.3596532
4090.0,70.0,0.07830452919006348,0.9915440082550049,491,5,1756654051.7063546,1756654052.776204
3075.0,38.0,0.2507755756378174,0.49044132232666016,472,1,1756654031.072637,1756654031.8138547
3427.0,190.0,0.0923314094543457,2.991427183151245,472,2,1756654031.9983094,1756654035.0820687
3656.0,300.0,0.06318116188049316,4.118365526199341,472,3,1756654035.151483,1756654039.3330302
3991.0,300.0,0.7716283798217773,8.845088958740234,472,4,1756654039.335295,1756654048.9520125
4330.0,300.0,0.06235909461975098,4.3340442180633545,472,5,1756654048.9954126,1756654053.3918164
3085.0,160.0,0.21980071067810059,2.1463475227355957,488,1,1756654037.5912566,1756654039.9574068
3269.0,131.0,0.04875445365905762,1.9258098602294922,488,2,1756654040.0551872,1756654042.0297523
3418.0,298.0,0.08625292778015137,4.456904888153076,488,3,1756654042.1095161,1756654046.652675
3743.0,254.0,0.09162521362304688,3.568488359451294,488,4,1756654046.7586677,1756654050.4187815
4025.0,198.0,0.05411195755004883,2.8816871643066406,488,5,1756654050.4819303,1756654053.4177294
3074.0,274.0,0.18630409240722656,3.7262420654296875,481,1,1756654034.7499802,1756654038.6625266
3370.0,290.0,0.08431124687194824,4.2185962200164795,481,2,1756654038.7206657,1756654043.0235739
3680.0,263.0,0.155487060546875,3.8886032104492188,481,3,1756654043.0266974,1756654047.0707877
3976.0,300.0,0.08012509346008301,4.241677284240723,481,4,1756654047.166444,1756654051.4882474
4318.0,154.0,0.09911251068115234,2.1534652709960938,481,5,1756654051.5047455,1756654053.757324
3069.0,190.0,0.21442866325378418,2.7130239009857178,503,1,1756654043.7426798,1756654046.6701324
3292.0,9.0,0.0860586166381836,0.12433481216430664,503,2,1756654046.7610085,1756654046.9714024
3330.0,44.0,0.053214311599731445,0.632526159286499,503,3,1756654047.6714063,1756654048.3571472
3407.0,26.0,2.40163254737854,0.5136148929595947,503,4,1756654048.5846255,1756654051.499874
3450.0,151.0,0.09545779228210449,2.110703229904175,503,5,1756654051.507336,1756654053.7134976
3106.0,300.0,0.20864033699035645,3.9811697006225586,457,1,1756654024.964146,1756654029.1539564
3449.0,285.0,4.29822301864624,7.264221668243408,457,2,1756654029.2488213,1756654040.8112664
3777.0,294.0,0.08189702033996582,4.412253141403198,457,3,1756654040.8753242,1756654045.369475
4139.0,283.0,0.11746430397033691,4.061339616775513,457,4,1756654045.3914828,1756654049.5702877
4490.0,300.0,0.35710859298706055,4.017590284347534,457,5,1756654049.644852,1756654054.0195513
3065.0,42.0,0.16820955276489258,0.5424947738647461,479,1,1756654033.927213,1756654034.6379178
3132.0,300.0,0.10126543045043945,4.0921876430511475,479,2,1756654034.8491776,1756654039.042631
3452.0,271.0,0.05673527717590332,3.9985129833221436,479,3,1756654039.1332152,1756654043.1884637
3741.0,300.0,1.3838253021240234,6.771434783935547,479,4,1756654043.2376826,1756654051.3929431
4065.0,176.0,0.0789942741394043,2.5172510147094727,479,5,1756654051.4035428,1756654053.9997885
3071.0,227.0,0.8781392574310303,5.262583255767822,495,1,1756654040.4734917,1756654046.6142156
3318.0,37.0,0.37930965423583984,0.5216033458709717,495,2,1756654046.6553822,1756654047.5562959
3439.0,98.0,0.07949566841125488,1.3099315166473389,495,3,1756654047.5699131,1756654048.9593408
3643.0,125.0,0.06944799423217773,1.7443101406097412,495,4,1756654048.9989634,1756654050.8127222
3991.0,228.0,0.15936803817749023,3.239208936691284,495,5,1756654050.8997593,1756654054.2983384
3327.0,180.0,0.2559952735900879,2.7533650398254395,498,1,1756654041.6935039,1756654044.7028644
3547.0,186.0,0.07187581062316895,2.7003602981567383,498,2,1756654044.769711,1756654047.5419476
4080.0,215.0,0.08057451248168945,2.96354079246521,498,3,1756654047.5717442,1756654050.61586
4335.0,221.0,0.05327248573303223,3.249218225479126,498,4,1756654050.6861992,1756654053.98869
4648.0,10.0,0.14882326126098633,0.11787295341491699,498,5,1756654054.1084533,1756654054.37515
3077.0,300.0,2.4923956394195557,10.03495168685913,471,1,1756654030.6648293,1756654043.1921766
3417.0,300.0,0.23629260063171387,4.381451845169067,471,2,1756654043.2362669,1756654047.854012
3745.0,28.0,0.08716940879821777,0.40113186836242676,471,3,1756654047.8738182,1756654048.36212
3800.0,203.0,0.059121131896972656,2.969298839569092,471,4,1756654048.7944937,1756654051.8229141
4043.0,183.0,0.09765768051147461,2.5337815284729004,471,5,1756654051.9170349,1756654054.5484748
3101.0,234.0,0.27391695976257324,3.2410800457000732,487,1,1756654037.1840844,1756654040.6990814
3357.0,147.0,0.08365607261657715,2.2072412967681885,487,2,1756654040.7755218,1756654043.0664196
3527.0,140.0,1.0144901275634766,3.1261351108551025,487,3,1756654043.1378374,1756654047.2784631
3714.0,300.0,0.08620572090148926,4.315896034240723,487,4,1756654047.3675537,1756654051.7696564
4032.0,182.0,0.07392597198486328,2.615496873855591,487,5,1756654051.8096786,1756654054.499102
3065.0,174.0,0.2800588607788086,2.3972890377044678,511,1,1756654046.964862,1756654049.6422102
3258.0,124.0,0.35698795318603516,1.5411627292633057,511,2,1756654049.6499252,1756654051.5480769
3403.0,80.0,0.09749841690063477,1.1212666034698486,511,3,1756654051.605782,1756654052.8245475
3499.0,32.0,0.06781792640686035,0.43216991424560547,511,4,1756654052.8478425,1756654053.3478303
3553.0,27.0,0.15996098518371582,0.4421546459197998,511,5,1756654053.9359286,1756654054.5380447
3062.0,20.0,0.2794311046600342,0.2871730327606201,516,1,1756654049.0041406,1756654049.5707448
3098.0,62.0,0.18652844429016113,0.788254976272583,516,2,1756654049.8461406,1756654050.820925
3176.0,75.0,0.15839123725891113,1.133434772491455,516,3,1756654050.9019914,1756654052.1938179
3267.0,71.0,0.0650932788848877,0.9715354442596436,516,4,1756654052.2272654,1756654053.2638948
3354.0,80.0,0.06129717826843262,1.1230347156524658,516,5,1756654053.35414,1756654054.5384727
3109.0,279.0,1.2039270401000977,5.533112525939941,439,1,1756654017.6081693,1756654024.3452096
3453.0,300.0,0.21986031532287598,4.013966083526611,439,2,1756654024.352304,1756654028.5861309
3806.0,274.0,0.5495090484619141,11.483818531036377,439,3,1756654028.6373758,1756654040.6707036
4133.0,300.0,0.07148528099060059,4.495808362960815,439,4,1756654040.6713462,1756654045.2386403
4496.0,300.0,1.5358364582061768,7.85511326789856,439,5,1756654045.282181,1756654054.6731315
3072.0,225.0,0.23604416847229004,2.9688220024108887,468,1,1756654029.4460714,1756654032.6509383
3318.0,300.0,0.5447258949279785,4.0601890087127686,468,2,1756654032.7095504,1756654037.3144653
3647.0,259.0,0.10893416404724121,3.631117105484009,468,3,1756654037.390303,1756654041.1303542
3931.0,300.0,0.9590206146240234,8.684525966644287,468,4,1756654041.1845767,1756654050.8281236
4248.0,273.0,0.1377558708190918,3.7795207500457764,468,5,1756654050.8950598,1756654054.812337
3085.0,170.0,2.948369026184082,4.340985059738159,478,1,1756654033.5232654,1756654040.8126194
3294.0,243.0,0.20634102821350098,3.6550445556640625,478,2,1756654040.8797233,1756654044.7411096
3570.0,296.0,0.072723388671875,4.203750848770142,478,3,1756654044.767838,1756654049.0443132
3889.0,295.0,0.10488724708557129,4.231758117675781,478,4,1756654049.104901,1756654053.4415479
4213.0,121.0,0.09214258193969727,1.5872061252593994,478,5,1756654053.4621532,1756654055.1415029
3075.0,230.0,0.15330839157104492,3.52040696144104,474,1,1756654031.9005704,1756654035.5742867
3333.0,253.0,0.09167122840881348,3.4815897941589355,474,2,1756654035.6613655,1756654039.234627
3637.0,300.0,1.5556914806365967,9.101392984390259,474,3,1756654039.3374197,1756654049.9945066
3966.0,173.0,0.08743405342102051,2.5629284381866455,474,4,1756654050.091708,1756654052.7420712
4175.0,185.0,0.06698250770568848,2.4896223545074463,474,5,1756654052.843334,1756654055.399939
3058.0,27.0,1.552713394165039,0.7703375816345215,489,1,1756654038.0008466,1756654040.3238978
3115.0,265.0,0.1849532127380371,4.026860475540161,489,2,1756654040.3691127,1756654044.5809271
3411.0,187.0,1.5193455219268799,4.311380624771118,489,3,1756654044.666247,1756654050.4969735
3619.0,178.0,0.06993556022644043,2.6086483001708984,489,4,1756654050.5855966,1756654053.264181
3815.0,150.0,0.06173086166381836,1.9951794147491455,489,5,1756654053.3514838,1756654055.4083948
3095.0,273.0,2.8093738555908203,6.633164882659912,443,1,1756654019.232872,1756654028.6754107
3425.0,277.0,0.0778665542602539,7.094526290893555,443,2,1756654028.7424326,1756654035.9148262
3755.0,300.0,0.4184601306915283,4.19713830947876,443,3,1756654035.9677367,1756654040.5833356
4117.0,300.0,0.07920432090759277,4.49789571762085,443,4,1756654040.6734521,1756654045.2505527
4493.0,300.0,2.492520809173584,7.766069173812866,443,5,1756654045.2848046,1756654055.5433948
3275.0,183.0,1.3321881294250488,5.36209774017334,497,1,1756654041.2886062,1756654047.9828928
3503.0,39.0,0.24042630195617676,0.4720022678375244,497,2,1756654048.0812864,1756654048.7937155
3759.0,147.0,0.08194494247436523,2.1343982219696045,497,3,1756654049.001291,1756654051.2176352
4168.0,161.0,0.0753326416015625,2.2878241539001465,497,4,1756654051.3001058,1756654053.6632636
4373.0,172.0,0.13741302490234375,2.3113279342651367,497,5,1756654053.9331732,1756654056.3819146
3058.0,137.0,0.27858972549438477,1.9225428104400635,512,1,1756654047.3693798,1756654049.5705132
3208.0,55.0,0.3802464008331299,0.6968855857849121,512,2,1756654049.6512213,1756654050.728354
3274.0,35.0,0.12314343452453613,0.5492663383483887,512,3,1756654050.795118,1756654051.467528
3327.0,115.0,0.07945394515991211,1.602299451828003,512,4,1756654051.7097242,1756654053.391478
3458.0,205.0,0.15059924125671387,2.7280421257019043,512,5,1756654053.4684525,1756654056.3470938
3062.0,25.0,0.26566410064697266,0.36043238639831543,502,1,1756654043.3344991,1756654043.9605956
3110.0,300.0,0.09188032150268555,4.318612098693848,502,2,1756654044.251544,1756654048.662037
3572.0,292.0,0.04521656036376953,4.205097913742065,502,3,1756654048.693732,1756654052.9440475
3888.0,217.0,0.05149102210998535,2.9315741062164307,502,4,1756654052.948514,1756654055.9315794
4156.0,28.0,0.061357736587524414,0.3615603446960449,502,5,1756654055.9918709,1756654056.4147894
3337.0,163.0,0.25185418128967285,2.391705274581909,501,1,1756654042.9317071,1756654045.575267
3527.0,279.0,1.3969447612762451,6.37112283706665,501,2,1756654045.600626,1756654053.368694
3870.0,20.0,0.14004278182983398,0.33747005462646484,501,3,1756654053.4667275,1756654053.944241
3906.0,21.0,0.06268787384033203,0.23601913452148438,501,4,1756654054.3074882,1756654054.606196
4103.0,97.0,0.09696197509765625,1.2834279537200928,501,5,1756654055.166189,1756654056.546579
3068.0,300.0,0.20351934432983398,4.2339606285095215,486,1,1756654036.7763739,1756654041.2138543
3402.0,151.0,3.4166157245635986,4.515045642852783,486,2,1756654041.2873697,1756654049.2190316
3595.0,127.0,1.5395338535308838,3.0896966457366943,486,3,1756654049.3039293,1756654053.9331605
3745.0,101.0,0.11924982070922852,1.350097417831421,486,4,1756654054.0133717,1756654055.4827194
3872.0,111.0,0.0862283706665039,1.384629249572754,486,5,1756654055.5873737,1756654057.0582314
3286.0,188.0,0.45768284797668457,2.8633382320404053,496,1,1756654040.882042,1756654044.2030635
3489.0,132.0,0.09499621391296387,1.8896105289459229,496,2,1756654044.2499666,1756654046.2345734
3638.0,33.0,0.1590116024017334,0.49784207344055176,496,3,1756654046.3394108,1756654046.996265
3730.0,247.0,1.2935869693756104,6.209111213684082,496,4,1756654047.2625353,1756654054.7652342
4008.0,216.0,0.06661128997802734,2.74855637550354,496,5,1756654054.8590286,1756654057.6741967
3065.0,113.0,0.31739091873168945,1.6565473079681396,506,1,1756654044.9774737,1756654046.951412
3195.0,300.0,0.07210707664489746,4.251576900482178,506,2,1756654046.963603,1756654051.2872875
3513.0,156.0,0.06907415390014648,2.2292251586914062,506,3,1756654051.3024876,1756654053.6007874
3689.0,185.0,0.07648587226867676,2.4638900756835938,506,4,1756654053.6651924,1756654056.2055688
3888.0,244.0,0.04720568656921387,2.9326562881469727,506,5,1756654056.2964513,1756654059.2763138
3223.0,246.0,0.5586261749267578,5.594678163528442,505,1,1756654044.579564,1756654050.732869
3495.0,300.0,0.2720613479614258,4.140101194381714,505,2,1756654050.792174,1756654055.2043371
3996.0,83.0,0.09571361541748047,1.0836079120635986,505,3,1756654055.2737582,1756654056.4530804
4106.0,128.0,0.06274175643920898,1.5093472003936768,505,4,1756654056.5029593,1756654058.0750487
4294.0,139.0,0.05692005157470703,1.753920078277588,505,5,1756654058.147637,1756654059.9584773
3101.0,300.0,0.3166487216949463,4.386626720428467,490,1,1756654038.4063973,1756654043.1096733
3558.0,300.0,0.7174587249755859,6.971822023391724,490,2,1756654043.1393802,1756654050.8286612
3881.0,167.0,0.16913580894470215,2.3898394107818604,490,3,1756654050.8977115,1756654053.4566875
4085.0,300.0,0.057399749755859375,3.8663647174835205,490,4,1756654053.5626926,1756654057.4864576
4448.0,195.0,0.05991411209106445,2.432966947555542,490,5,1756654057.5370305,1756654060.0299115
3072.0,149.0,0.26906800270080566,2.1715707778930664,508,1,1756654045.79475,1756654048.2353892
3237.0,300.0,0.050115346908569336,4.283409357070923,508,2,1756654048.2832205,1756654052.616746
3554.0,88.0,0.6006557941436768,1.8678812980651855,508,3,1756654052.6358268,1756654055.104365
3658.0,210.0,0.09638738632202148,2.6262593269348145,508,4,1756654055.1690433,1756654057.8916907
3886.0,220.0,0.04327273368835449,2.8110015392303467,508,5,1756654057.9457853,1756654060.8000603
3060.0,285.0,0.2155137062072754,3.9028308391571045,482,1,1756654035.1532362,1756654039.2715807
3375.0,292.0,2.227372169494629,8.651949405670166,482,2,1756654039.3391163,1756654050.2184384
3686.0,207.0,0.10684728622436523,2.993224620819092,482,3,1756654050.276602,1756654053.3766747
3911.0,292.0,0.10704517364501953,3.777463436126709,482,4,1756654053.4647534,1756654057.349262
4221.0,293.0,0.05145716667175293,3.7105276584625244,482,5,1756654057.429886,1756654061.191872
3058.0,20.0,0.2824704647064209,0.30498814582824707,500,1,1756654042.5241816,1756654043.1116407
3120.0,31.0,0.15710186958312988,0.443753719329834,500,2,1756654043.4377062,1756654044.038562
3188.0,22.0,0.2129497528076172,0.15059185028076172,500,3,1756654044.3499446,1756654044.7134867
3274.0,300.0,2.2692997455596924,7.7939746379852295,500,4,1756654045.2878835,1756654055.3511586
4097.0,216.0,1.1964890956878662,5.130659580230713,500,5,1756654055.377131,1756654061.7042801
3067.0,155.0,0.20202970504760742,2.1671786308288574,510,1,1756654046.55229,1756654048.9215002
3241.0,147.0,0.10124015808105469,2.125372886657715,510,2,1756654049.0028822,1756654051.2294958
3415.0,72.0,0.6776125431060791,1.5114161968231201,510,3,1756654051.3042684,1756654053.4932976
3515.0,300.0,0.06664133071899414,3.861647129058838,510,4,1756654053.564921,1756654057.4932094
3842.0,183.0,0.19606781005859375,4.3675291538238525,510,5,1756654057.5397527,1756654062.1033502
3089.0,300.0,0.7500050067901611,6.724546909332275,514,1,1756654048.1849995,1756654055.659552
3498.0,42.0,0.24387860298156738,0.5241250991821289,514,2,1756654055.6885417,1756654056.456546
3570.0,96.0,0.8683488368988037,2.5952630043029785,514,3,1756654056.6147966,1756654060.0784085
3711.0,58.0,0.12485170364379883,0.7791085243225098,514,4,1756654060.1038637,1756654061.0078242
3826.0,78.0,0.05330038070678711,0.969792366027832,514,5,1756654061.024969,1756654062.0480626
3079.0,84.0,0.2500019073486328,0.9824097156524658,533,1,1756654055.9946349,1756654057.2270472
3180.0,56.0,0.06262636184692383,0.6594812870025635,533,2,1756654057.2277517,1756654057.9498599
3252.0,103.0,0.06377506256103516,1.3245131969451904,533,3,1756654058.151193,1756654059.5394816
3378.0,90.0,0.04454994201660156,1.1768672466278076,533,4,1756654059.59126,1756654060.8126776
3485.0,103.0,0.11918830871582031,1.269066333770752,533,5,1756654060.8188453,1756654062.2071
3085.0,300.0,0.18507933616638184,4.167376756668091,485,1,1756654036.3707354,1756654040.7231922
3425.0,121.0,0.06851696968078613,1.8020224571228027,485,2,1756654040.774127,1756654042.6446671
3590.0,300.0,0.10062265396118164,4.466882228851318,485,3,1756654042.724718,1756654047.2922237
3936.0,300.0,0.09175491333007812,4.3129260540008545,485,4,1756654047.3653064,1756654051.7699878
4273.0,300.0,3.0480153560638428,7.493957042694092,485,5,1756654051.8068943,1756654062.3488677
3104.0,268.0,0.9520144462585449,5.871865272521973,515,1,1756654048.586884,1756654055.4107645
3438.0,75.0,0.19195556640625,0.9573745727539062,515,2,1756654055.4802003,1756654056.629532
3574.0,66.0,0.0460667610168457,0.7954580783843994,515,3,1756654056.7216196,1756654057.5631444
3669.0,45.0,0.04984617233276367,0.5423014163970947,515,4,1756654057.6368132,1756654058.2289612
3733.0,300.0,0.0777888298034668,3.880214214324951,515,5,1756654058.5573835,1756654062.5153866
3064.0,264.0,0.6559815406799316,8.185524702072144,480,1,1756654034.3341353,1756654043.1756434
3349.0,300.0,1.3823826313018799,6.771436452865601,480,2,1756654043.2395008,1756654051.3933206
3695.0,300.0,0.2944185733795166,4.089670658111572,480,3,1756654051.4068484,1756654055.7909377
4018.0,300.0,0.046826839447021484,3.672675132751465,480,4,1756654055.8911061,1756654059.6106088
4339.0,231.0,0.06108832359313965,3.0159528255462646,480,5,1756654059.6962342,1756654062.7732759
3063.0,190.0,0.37807202339172363,2.6454429626464844,504,1,1756654044.1462762,1756654047.1697917
3272.0,175.0,3.537060260772705,4.2425947189331055,504,2,1756654047.2670105,1756654055.046666
3469.0,125.0,0.07365560531616211,1.6174182891845703,504,3,1756654055.0653355,1756654056.7564096
3616.0,214.0,0.05276751518249512,2.6671159267425537,504,4,1756654056.8199444,1756654059.5398285
3964.0,256.0,0.04937458038330078,3.3484692573547363,504,5,1756654059.5878205,1756654062.985665
3074.0,300.0,0.22987937927246094,4.179675579071045,484,1,1756654035.969545,1756654040.3791003
3407.0,300.0,0.08148980140686035,4.4883928298950195,484,2,1756654040.4719899,1756654045.0418727
3719.0,14.0,0.8348186016082764,0.4203658103942871,484,3,1756654045.0798695,1756654046.3350544
3755.0,300.0,2.080822706222534,6.827600717544556,484,4,1756654046.463992,1756654055.372416
4068.0,300.0,0.7493150234222412,7.212778568267822,484,5,1756654055.3743844,1756654063.336478
3072.0,46.0,0.41661643981933594,0.6173815727233887,518,1,1756654049.745679,1756654050.7796776
3144.0,95.0,0.11828112602233887,1.4732897281646729,518,2,1756654050.7981973,1756654052.3897686
3263.0,93.0,0.07227301597595215,1.2540113925933838,518,3,1756654052.4314213,1756654053.7577062
3400.0,234.0,1.1373496055603027,5.429001569747925,518,4,1756654053.940142,1756654060.506494
3692.0,300.0,0.09156942367553711,3.9281232357025146,518,5,1756654060.5105238,1756654064.5302165
3097.0,201.0,0.2541165351867676,2.7526516914367676,513,1,1756654047.773347,1756654050.780116
3345.0,196.0,0.09579300880432129,2.8654725551605225,513,2,1756654050.7968338,1756654053.7581003
3582.0,181.0,0.16689014434814453,2.4114389419555664,513,3,1756654053.9383748,1756654056.5167038
3801.0,201.0,0.7503702640533447,4.70027232170105,513,4,1756654056.6123598,1756654062.063003
4050.0,202.0,0.10021352767944336,2.5979983806610107,513,5,1756654062.1511233,1756654064.8493361
3107.0,264.0,0.3193659782409668,3.8301515579223633,507,1,1756654045.3944037,1756654049.5439212
3398.0,300.0,0.3855147361755371,4.249332427978516,507,2,1756654049.6484873,1756654054.2833345
3732.0,214.0,1.2315456867218018,5.200702905654907,507,3,1756654054.3103158,1756654060.7425647
3971.0,223.0,0.12090802192687988,2.8266589641571045,507,4,1756654060.8167114,1756654063.764279
4217.0,138.0,0.0864114761352539,1.7556118965148926,507,5,1756654063.799183,1756654065.641207
3089.0,16.0,0.5324239730834961,0.11883831024169922,517,1,1756654049.4030519,1756654050.0543141
3158.0,234.0,0.1387012004852295,3.477034568786621,517,2,1756654050.2786222,1756654053.8943589
3418.0,174.0,0.11984038352966309,2.31795597076416,517,3,1756654054.0157468,1756654056.453544
3629.0,240.0,1.4904072284698486,5.790961027145386,517,4,1756654056.5055304,1756654063.7868986
3917.0,233.0,0.09952163696289062,2.923015594482422,517,5,1756654063.803725,1756654066.826263
3187.0,38.0,0.16038775444030762,0.5272135734558105,530,1,1756654054.7543204,1756654055.4419227
3242.0,123.0,0.06402039527893066,1.5067830085754395,530,2,1756654055.691266,1756654057.2620702
3380.0,70.0,3.8546998500823975,1.7874643802642822,530,3,1756654057.3292391,1756654062.9714038
3466.0,143.0,0.06710171699523926,1.814634084701538,530,4,1756654062.9807203,1756654064.8624563
3625.0,167.0,0.05153846740722656,2.1175973415374756,530,5,1756654064.944549,1756654067.1136856
3067.0,285.0,0.9940898418426514,6.047006845474243,520,1,1756654050.587906,1756654057.6290033
3379.0,205.0,0.0973043441772461,4.805459022521973,520,2,1756654057.6393337,1756654062.542097
3607.0,188.0,0.32213807106018066,2.3350367546081543,520,3,1756654062.5659683,1756654065.223144
3811.0,95.0,0.061867713928222656,1.1620290279388428,520,4,1756654065.2454724,1756654066.46937
3928.0,99.0,0.04448413848876953,1.3248224258422852,520,5,1756654066.50293,1756654067.8722365
3068.0,77.0,0.35849523544311523,1.1577329635620117,521,1,1756654050.9930093,1756654052.5092375
3181.0,145.0,0.052507877349853516,1.962270975112915,521,2,1756654052.534153,1756654054.5489326
3357.0,192.0,1.1757094860076904,4.577348470687866,521,3,1756654054.6404731,1756654060.3935316
3568.0,281.0,0.06524848937988281,3.639241933822632,521,4,1756654060.409282,1756654064.1137724
3880.0,298.0,0.06557941436767578,3.8545265197753906,521,5,1756654064.2059672,1756654068.1260734
3070.0,85.0,0.2840275764465332,1.1360430717468262,524,1,1756654052.2295709,1756654053.649642
3220.0,138.0,0.07284426689147949,1.814513921737671,524,2,1756654053.6676219,1756654055.5549805
3412.0,219.0,0.08403873443603516,2.663433313369751,524,3,1756654055.5917718,1756654058.3392446
3652.0,300.0,0.04597830772399902,3.8812429904937744,524,4,1756654058.355394,1756654062.2826161
3973.0,213.0,0.7502398490905762,5.778281211853027,524,5,1756654062.3618374,1756654068.890359
3071.0,25.0,1.0286822319030762,0.4197695255279541,527,1,1756654053.4708195,1756654054.919272
3122.0,300.0,0.16727304458618164,3.7457540035247803,527,2,1756654054.9665208,1756654058.8795478
3474.0,226.0,0.06466197967529297,2.9157843589782715,527,3,1756654058.9722838,1756654061.9527307
3753.0,226.0,0.051476240158081055,2.888455629348755,527,4,1756654062.0482717,1756654064.9882042
4005.0,300.0,0.05757617950439453,3.8588151931762695,527,5,1756654065.0473716,1756654068.9637637
3059.0,300.0,0.2695927619934082,4.22206449508667,509,1,1756654046.21353,1756654050.705188
3376.0,300.0,1.5248405933380127,7.3919737339019775,509,2,1756654050.7936993,1756654059.710514
3687.0,300.0,0.08550691604614258,3.872124671936035,509,3,1756654059.7948759,1756654063.752508
3996.0,300.0,0.08045196533203125,3.8267245292663574,509,4,1756654063.8016562,1756654067.708835
4313.0,133.0,0.06008005142211914,1.769286870956421,509,5,1756654067.7202432,1756654069.549611
3171.0,236.0,0.17370200157165527,2.9211745262145996,536,1,1756654057.2295642,1756654060.3244414
3425.0,175.0,0.06562948226928711,2.295945405960083,536,2,1756654060.4114323,1756654062.7730074
3618.0,173.0,0.10920882225036621,2.1687095165252686,536,3,1756654062.7737427,1756654065.0516617
3808.0,163.0,0.05227160453796387,2.071497917175293,536,4,1756654065.146254,1756654067.2700243
3989.0,154.0,0.05352067947387695,2.1795122623443604,536,5,1756654067.3169262,1756654069.54996
3065.0,28.0,0.167494535446167,0.31650662422180176,540,1,1756654058.872441,1756654059.356443
3112.0,300.0,0.0719456672668457,3.8719184398651123,540,2,1756654059.7967677,1756654063.7406318
3434.0,75.0,0.09468889236450195,0.9587905406951904,540,3,1756654063.805778,1756654064.8592582
3526.0,187.0,0.06350827217102051,2.351482629776001,540,4,1756654064.9471133,1756654067.3621042
3919.0,140.0,0.12884140014648438,2.0016627311706543,540,5,1756654067.4198496,1756654069.5503542
3059.0,85.0,0.43436527252197266,2.406468152999878,534,1,1756654056.4046495,1756654059.2454839
3169.0,174.0,0.21481704711914062,2.197981834411621,534,2,1756654059.2775717,1756654061.6903713
3363.0,167.0,0.05411243438720703,2.1208786964416504,534,3,1756654061.7431698,1756654063.9181623
3552.0,207.0,0.05886530876159668,2.5586538314819336,534,4,1756654064.0021544,1756654066.6196735
3777.0,230.0,0.16080427169799805,2.9898877143859863,534,5,1756654066.706559,1756654069.857251
3146.0,36.0,0.19229745864868164,0.42890501022338867,556,1,1756654065.5901077,1756654066.2113109
3246.0,20.0,0.05113101005554199,0.220839262008667,556,2,1756654066.3012958,1756654066.573267
3322.0,22.0,0.048488616943359375,0.2843754291534424,556,3,1756654067.2164788,1756654067.549345
3420.0,20.0,1.359666109085083,0.5677692890167236,556,4,1756654068.126188,1756654070.0536244
3481.0,17.0,0.0620577335357666,0.19481110572814941,556,5,1756654070.0804114,1756654070.3372808
3736.0,216.0,1.7166633605957031,5.114277124404907,529,1,1756654054.3151257,1756654061.1460676
3979.0,219.0,0.2735271453857422,2.7491729259490967,529,2,1756654061.2340317,1756654064.256732
4232.0,82.0,0.19428467750549316,0.8862307071685791,529,3,1756654064.3057659,1756654065.3862817
4333.0,229.0,0.24147510528564453,3.0291061401367188,529,4,1756654065.449203,1756654068.7197847
4610.0,137.0,0.059098243713378906,1.7567815780639648,529,5,1756654068.7344308,1756654070.5503113
3173.0,25.0,0.1666259765625,0.2735583782196045,535,1,1756654056.8223026,1756654057.2624876
3232.0,184.0,2.0732336044311523,3.6615803241729736,535,2,1756654057.7408946,1756654063.4757102
3546.0,246.0,0.05993843078613281,3.035766124725342,535,3,1756654063.488589,1756654066.5842943
3883.0,243.0,0.08930325508117676,3.2168407440185547,535,4,1756654066.6058033,1756654069.9119473
4137.0,43.0,0.07230496406555176,0.5571486949920654,535,5,1756654069.9771066,1756654070.6065607
3089.0,28.0,2.2285373210906982,0.7840170860290527,546,1,1756654061.3389225,1756654064.3514776
3159.0,30.0,0.2814507484436035,0.3363766670227051,546,2,1756654064.4040577,1756654065.0218859
3209.0,225.0,0.06280946731567383,2.934854745864868,546,3,1756654065.2500288,1756654068.2476935
3448.0,87.0,0.07268548011779785,1.1486711502075195,546,4,1756654068.3292124,1756654069.5505695
3549.0,106.0,0.08112359046936035,1.3604307174682617,546,5,1756654069.5721195,1756654071.0136743
3072.0,300.0,0.8830270767211914,6.860621452331543,532,1,1756654055.594842,1756654063.3384905
3391.0,55.0,0.6301305294036865,1.2995340824127197,532,2,1756654063.3866916,1756654065.3163567
3465.0,90.0,0.3995816707611084,2.1196556091308594,532,3,1756654065.3531528,1756654067.8723922
3579.0,114.0,0.29998111724853516,1.4447534084320068,532,4,1756654067.9242465,1756654069.668981
3714.0,119.0,0.04658055305480957,1.5645928382873535,532,5,1756654069.6726832,1756654071.2838569
3063.0,221.0,0.32537245750427246,2.946281909942627,526,1,1756654053.0504105,1756654056.3220654
3303.0,300.0,0.05862259864807129,3.673279047012329,526,2,1756654056.4026127,1756654060.134515
3621.0,150.0,0.05183267593383789,1.9252324104309082,526,3,1756654060.2043374,1756654062.1814032
3794.0,171.0,0.07759642601013184,2.2154417037963867,526,4,1756654062.2570179,1756654064.5500565
3987.0,300.0,0.36832284927368164,7.609055280685425,526,5,1756654064.6353676,1756654072.6127465
3091.0,245.0,0.2326364517211914,3.540052890777588,519,1,1756654050.1710563,1756654053.9437463
3382.0,284.0,0.11565518379211426,3.630352258682251,519,2,1756654054.0175512,1756654057.763559
3687.0,263.0,0.044783592224121094,3.3656349182128906,519,3,1756654057.8443344,1756654061.254753
3970.0,279.0,1.2870163917541504,6.9263434410095215,519,4,1756654061.336793,1756654069.5501535
4277.0,258.0,0.1012425422668457,3.409787893295288,519,5,1756654069.5694675,1756654073.0804985
3077.0,300.0,1.293940782546997,6.716637372970581,525,1,1756654052.6378164,1756654060.648395
3489.0,300.0,0.2279810905456543,3.8257176876068115,525,2,1756654060.7145045,1756654064.7682037
3801.0,14.0,0.04443073272705078,0.15247344970703125,525,3,1756654064.8381658,1756654065.0350704
3901.0,300.0,0.08924412727355957,3.918867826461792,525,4,1756654065.6963143,1756654069.7044263
4222.0,253.0,0.04838442802429199,3.3541858196258545,525,5,1756654069.7734554,1756654073.176026
3056.0,9.0,0.15416789054870605,0.0941014289855957,538,1,1756654058.0477998,1756654058.2960696
3084.0,300.0,0.06493353843688965,3.8948328495025635,538,2,1756654058.9744089,1756654062.934176
3401.0,277.0,0.09120559692382812,3.428476095199585,538,3,1756654062.9828165,1756654066.5024989
3698.0,255.0,0.08852982521057129,3.3762218952178955,538,4,1756654066.6088784,1756654070.0736308
3970.0,300.0,0.06525325775146484,3.992375135421753,538,5,1756654070.0776098,1756654074.1352386
3076.0,19.0,0.1454927921295166,0.24530959129333496,539,1,1756654058.4582632,1756654058.8490663
3109.0,19.0,1.6260011196136475,0.35584092140197754,539,2,1756654059.384084,1756654061.3659267
3332.0,300.0,0.28548288345336914,7.118594169616699,539,3,1756654061.43914,1756654068.8432171
3651.0,88.0,0.060089826583862305,1.1328198909759521,539,4,1756654068.939635,1756654070.1325452
3755.0,300.0,0.04532194137573242,4.014833688735962,539,5,1756654070.1834202,1756654074.2435763
3074.0,96.0,0.21042776107788086,1.2602839469909668,542,1,1756654059.6986852,1756654061.1693974
3186.0,134.0,0.5982415676116943,3.3791072368621826,542,2,1756654061.2357078,1756654065.2130578
3348.0,196.0,0.0586400032043457,2.5114152431488037,542,3,1756654065.2482615,1756654067.8183167
3569.0,226.0,0.08115816116333008,2.957854747772217,542,4,1756654067.8234909,1756654070.8625047
3833.0,259.0,0.05584526062011719,3.552912473678589,542,5,1756654070.8989108,1756654074.5076685
3084.0,37.0,0.7573952674865723,0.8124911785125732,547,1,1756654061.745013,1756654063.3149
3258.0,80.0,1.1664857864379883,2.0808918476104736,547,2,1756654063.3883805,1756654066.6357589
3483.0,107.0,0.21391081809997559,1.4341917037963867,547,3,1756654066.7090244,1756654068.357127
3695.0,300.0,0.05131721496582031,3.8752012252807617,547,4,1756654068.432281,1756654072.3588002
4029.0,157.0,0.08437204360961914,2.0958776473999023,547,5,1756654072.4197655,1756654074.6000156
3071.0,300.0,0.31092286109924316,4.0392138957977295,523,1,1756654051.821233,1756654056.1713698
3395.0,300.0,0.054171085357666016,3.6710877418518066,523,2,1756654056.194632,1756654059.9198909
3726.0,300.0,0.05198311805725098,3.8846707344055176,523,3,1756654060.004498,1756654063.9411523
4094.0,100.0,0.05928373336791992,1.251220464706421,523,4,1756654064.0000308,1756654065.3105354
4220.0,274.0,2.989407777786255,6.565760612487793,523,5,1756654065.348567,1756654074.9037354
3082.0,293.0,0.1600794792175293,3.7570314407348633,537,1,1756654057.64167,1756654061.5587814
3404.0,256.0,0.04546499252319336,3.2617645263671875,537,2,1756654061.641994,1756654064.9492245
3761.0,210.0,0.052520036697387695,2.6800692081451416,537,3,1756654065.049783,1756654067.7823722
4024.0,300.0,0.06876206398010254,3.9216599464416504,537,4,1756654067.8213463,1756654071.8117683
4410.0,300.0,0.11284041404724121,4.027536630630493,537,5,1756654071.9124851,1756654076.0528626
3071.0,209.0,0.30801868438720703,2.682603120803833,528,1,1756654053.9421382,1756654056.9327605
3304.0,283.0,0.04391598701477051,3.5004215240478516,528,2,1756654057.022436,1756654060.5667741
3610.0,300.0,0.08797955513000488,3.8783726692199707,528,3,1756654060.6118932,1756654064.5782459
3929.0,226.0,2.998018980026245,5.054245471954346,528,4,1756654064.637824,1756654072.6900895
4172.0,300.0,0.09410405158996582,4.054600715637207,528,5,1756654072.7276475,1756654076.8763528
3092.0,282.0,0.12847089767456055,3.62634015083313,543,1,1756654060.1060584,1756654063.8608708
3396.0,300.0,0.055562734603881836,3.8204407691955566,543,2,1756654063.8972168,1756654067.7732203
3727.0,296.0,0.10562515258789062,3.859619140625,543,3,1756654067.8252397,1756654071.790484
4045.0,151.0,0.042340993881225586,2.0330069065093994,543,4,1756654071.8148148,1756654073.8901641
4218.0,211.0,0.0708315372467041,2.908700704574585,543,5,1756654073.9635925,1756654076.9431248
3070.0,14.0,0.21391081809997559,0.15622448921203613,575,1,1756654073.1328166,1756654073.5029523
3100.0,5.0,0.09256649017333984,0.05565690994262695,575,2,1756654074.0693862,1756654074.2176104
3146.0,16.0,0.07168889045715332,0.1858837604522705,575,3,1756654074.9919465,1756654075.24952
3192.0,9.0,0.07474780082702637,0.1378765106201172,575,4,1756654075.9105682,1756654076.123193
3284.0,10.0,0.0564882755279541,0.14907503128051758,575,5,1756654076.8282025,1756654077.0337665
3068.0,12.0,0.1720106601715088,0.12981009483337402,557,1,1756654065.797139,1756654066.0989606
3117.0,64.0,0.07089066505432129,0.8639285564422607,557,2,1756654066.7105846,1756654067.6454058
3214.0,240.0,0.05561089515686035,3.1441659927368164,557,3,1756654067.7226334,1756654070.922411
3503.0,172.0,0.08996105194091797,2.2953593730926514,557,4,1756654071.0028746,1756654073.3881953
3722.0,263.0,0.057585954666137695,3.5967094898223877,557,5,1756654073.4406185,1756654077.094914
3063.0,300.0,1.3430042266845703,5.770578861236572,522,1,1756654051.4096086,1756654058.5231924
3404.0,300.0,0.2049269676208496,3.855379581451416,522,2,1756654058.5602055,1756654062.6205125
3731.0,150.0,0.6132552623748779,4.071853399276733,522,3,1756654062.6670926,1756654067.3522034
3911.0,131.0,0.10456967353820801,1.7470619678497314,522,4,1756654067.417718,1756654069.26935
4058.0,300.0,0.7439329624176025,7.181694269180298,522,5,1756654069.351551,1756654077.2771783
3150.0,281.0,0.18387389183044434,3.4698376655578613,531,1,1756654055.1733644,1756654058.8270767
3456.0,185.0,0.05879998207092285,2.4213078022003174,531,2,1756654058.8706844,1756654061.3507922
3680.0,300.0,0.07285308837890625,3.772965431213379,531,3,1756654061.437203,1756654065.2830224
4002.0,300.0,1.2241871356964111,7.073694944381714,531,4,1756654065.3512235,1756654073.6491063
4340.0,250.0,0.0854189395904541,3.3944554328918457,531,5,1756654073.7651765,1756654077.2450519
3057.0,88.0,0.7023093700408936,2.0641276836395264,555,1,1756654065.0516746,1756654067.8181136
3157.0,92.0,1.3336353302001953,1.8130366802215576,555,2,1756654067.826931,1756654070.9736035
3263.0,246.0,0.1786196231842041,3.3279125690460205,555,3,1756654071.0009031,1756654074.5074365
3529.0,260.0,0.07140588760375977,3.4159131050109863,555,4,1756654074.5755937,1756654078.0629127
3800.0,21.0,0.06757783889770508,0.269503116607666,555,5,1756654078.0634665,1756654078.4005487
3065.0,258.0,0.6936345100402832,5.137120008468628,545,1,1756654060.9241004,1756654066.7548556
3345.0,221.0,0.2830531597137451,2.8524038791656494,545,2,1756654066.8068917,1756654069.9423492
3586.0,167.0,0.06927680969238281,2.1761343479156494,545,3,1756654069.9812925,1756654072.2267036
3767.0,188.0,0.058064937591552734,2.5512685775756836,545,4,1756654072.3203835,1756654074.9297175
3972.0,293.0,0.06023573875427246,3.810211658477783,545,5,1756654074.9894786,1756654078.8599262
3056.0,66.0,0.27460789680480957,0.8676738739013672,578,1,1756654074.3744783,1756654075.5167608
3134.0,53.0,0.07124614715576172,0.7774007320404053,578,2,1756654075.6028996,1756654076.451547
3199.0,56.0,0.11075568199157715,0.6924355030059814,578,3,1756654076.5232236,1756654077.326417
3266.0,79.0,0.05690932273864746,0.9573531150817871,578,4,1756654077.453186,1756654078.4674501
3356.0,89.0,0.06043124198913574,1.2169804573059082,578,5,1756654078.4798079,1756654079.7572196
3062.0,22.0,0.1873464584350586,0.25235772132873535,566,1,1756654069.4515095,1756654069.8912144
3095.0,25.0,0.06878995895385742,0.33266329765319824,566,2,1756654070.2876344,1756654070.6890883
3136.0,95.0,1.0485467910766602,1.8050754070281982,566,3,1756654071.2046242,1756654074.0582464
3251.0,204.0,0.09027743339538574,2.7852766513824463,566,4,1756654074.0673509,1756654076.9429054
3551.0,244.0,0.04665708541870117,3.1195428371429443,566,5,1756654077.0348318,1756654080.2010322
3066.0,78.0,0.24714326858520508,1.030945062637329,561,1,1756654067.4230847,1756654068.7011735
3297.0,205.0,0.0574343204498291,2.663645029067993,561,2,1756654068.7384353,1756654071.459515
3531.0,139.0,0.05552506446838379,1.8647501468658447,561,3,1756654071.5081298,1756654073.428406
3688.0,300.0,0.06778955459594727,4.024346351623535,561,4,1756654073.4430292,1756654077.535165
4008.0,236.0,0.0984492301940918,3.0854055881500244,561,5,1756654077.5673053,1756654080.7511609
3068.0,300.0,0.25751519203186035,3.8819315433502197,541,1,1756654059.2793152,1756654063.418762
3384.0,251.0,0.5756251811981201,6.65191650390625,541,2,1756654063.490464,1756654070.7180064
3654.0,159.0,0.10592794418334961,2.1191611289978027,541,3,1756654070.800157,1756654073.0252466
3840.0,300.0,0.05493736267089844,4.066522836685181,541,4,1756654073.0310068,1756654077.1524682
4158.0,300.0,0.053139686584472656,3.859644889831543,541,5,1756654077.2479453,1756654081.1607316
3064.0,300.0,0.22834467887878418,3.740149974822998,549,1,1756654062.5678494,1756654066.5363448
3384.0,300.0,0.08236837387084961,3.9744763374328613,549,2,1756654066.6108673,1756654070.6677125
3703.0,300.0,0.07685208320617676,4.003039598464966,549,3,1756654070.6978018,1756654074.7776937
4022.0,266.0,0.06500530242919922,3.4926095008850098,549,4,1756654074.7903821,1756654078.3479974
4310.0,234.0,0.06639862060546875,3.0717873573303223,549,5,1756654078.3769586,1756654081.515145
3061.0,234.0,0.3099703788757324,2.808389663696289,553,1,1756654064.2084124,1756654067.3267748
3322.0,221.0,0.0997617244720459,2.8814504146575928,553,2,1756654067.4219246,1756654070.4031374
3564.0,300.0,0.12699079513549805,3.9828004837036133,553,3,1756654070.4931202,1756654074.6029115
3897.0,208.0,0.05569911003112793,2.7855477333068848,553,4,1756654074.683444,1756654077.5246928
4176.0,300.0,0.08384180068969727,3.889084815979004,553,5,1756654077.5632973,1756654081.5362246
3060.0,138.0,0.18108916282653809,1.7403314113616943,548,1,1756654062.1551692,1756654064.0765903
3218.0,226.0,0.04590106010437012,2.8787505626678467,548,2,1756654064.1001906,1756654067.0248427
3459.0,180.0,0.046469926834106445,2.386472702026367,548,3,1756654067.1168363,1756654069.5497797
3665.0,188.0,1.9920597076416016,3.751569986343384,548,4,1756654069.574238,1756654075.3178685
3881.0,300.0,1.163724422454834,6.937419652938843,548,5,1756654075.4029543,1756654083.5040984
3057.0,9.0,0.1713881492614746,0.09927105903625488,563,1,1756654068.2288022,1756654068.499463
3153.0,204.0,0.09183216094970703,2.620305061340332,563,2,1756654069.14783,1756654071.8599672
3411.0,251.0,0.11043500900268555,3.372480630874634,563,3,1756654071.9181561,1756654075.4010725
3950.0,300.0,0.06808733940124512,3.9749908447265625,563,4,1756654075.502208,1756654079.5452871
4377.0,300.0,0.08779621124267578,3.8904612064361572,563,5,1756654079.6124191,1756654083.590677
3193.0,55.0,0.2036440372467041,0.741340160369873,573,1,1756654072.322511,1756654073.2674956
3320.0,77.0,2.2723336219787598,1.9440011978149414,573,2,1756654073.3410423,1756654077.5573776
3505.0,163.0,0.05630898475646973,2.137111186981201,573,3,1756654077.6582153,1756654079.851636
3738.0,140.0,0.6812684535980225,3.1208653450012207,573,4,1756654079.9157271,1756654083.717862
3920.0,33.0,0.09116506576538086,0.44081759452819824,573,5,1756654083.7929316,1756654084.3249161
3063.0,225.0,0.18953323364257812,2.913301706314087,562,1,1756654067.8280995,1756654070.9309351
3305.0,98.0,0.08615612983703613,1.2679393291473389,562,2,1756654071.004927,1756654072.3590229
3422.0,300.0,0.08087921142578125,4.103507995605469,562,3,1756654072.4221714,1756654076.6065588
3739.0,181.0,0.048233985900878906,2.218836545944214,562,4,1756654076.6269872,1756654078.894058
3936.0,191.0,1.4320976734161377,4.279794931411743,562,5,1756654078.9962523,1756654084.7081459
3063.0,300.0,0.18811964988708496,3.877385139465332,544,1,1756654060.512993,1756654064.578498
3382.0,289.0,1.0004603862762451,7.0928966999053955,544,2,1756654064.6396744,1756654072.7330322
3686.0,13.0,0.07648015022277832,0.14987826347351074,544,3,1756654072.826738,1756654073.0530968
3713.0,166.0,0.08358359336853027,2.2199594974517822,544,4,1756654073.7676585,1756654076.071202
3893.0,201.0,0.24503159523010254,8.968220949172974,544,5,1756654076.1084619,1756654085.321715
3077.0,300.0,0.17704510688781738,3.99355411529541,569,1,1756654070.6996365,1756654074.870236
3391.0,288.0,0.8109724521636963,7.388279438018799,569,2,1756654074.8863616,1756654083.0856137
3699.0,44.0,0.05615067481994629,0.5765414237976074,569,3,1756654083.17298,1756654083.8056724
3761.0,38.0,0.08426785469055176,0.4901161193847656,569,4,1756654084.0596645,1756654084.634049
3822.0,26.0,0.08980321884155273,0.3338782787322998,569,5,1756654084.9687078,1756654085.3923903
3070.0,124.0,0.20794248580932617,1.6585791110992432,572,1,1756654071.919715,1756654073.7862368
3216.0,137.0,0.049820661544799805,1.8220233917236328,572,2,1756654073.863765,1756654075.735609
3388.0,150.0,0.05393266677856445,1.9840168952941895,572,3,1756654075.805515,1756654077.8434658
3565.0,300.0,0.07256054878234863,3.867081880569458,572,4,1756654077.8617043,1756654081.801347
3898.0,281.0,0.08267784118652344,3.6686298847198486,572,5,1756654081.8593757,1756654085.6106842
3061.0,205.0,1.9245946407318115,5.118044853210449,551,1,1756654063.3896854,1756654070.4323256
3281.0,95.0,0.12690091133117676,1.214841365814209,551,2,1756654070.4915364,1756654071.8332787
3407.0,168.0,1.0512030124664307,3.3127458095550537,551,3,1756654071.9165807,1756654076.28053
3666.0,138.0,1.0523946285247803,3.1752474308013916,551,4,1756654076.3224375,1756654080.5500803
3826.0,201.0,0.6469321250915527,4.532008409500122,551,5,1756654080.6287146,1756654085.8076563
3071.0,300.0,0.9381392002105713,7.74701189994812,552,1,1756654063.8072867,1756654072.4924383
3390.0,300.0,0.3019087314605713,4.0502564907073975,552,2,1756654072.522791,1756654076.8749566
3706.0,92.0,0.07344675064086914,1.091813564300537,552,3,1756654076.9287283,1756654078.093989
3817.0,300.0,0.08090376853942871,3.874741315841675,552,4,1756654078.1645916,1756654082.1202366
4135.0,300.0,0.08952975273132324,4.002131700515747,552,5,1756654082.164309,1756654086.2559705
3073.0,228.0,0.18753266334533691,2.995929479598999,559,1,1756654066.612177,1756654069.795639
3335.0,246.0,0.06380772590637207,3.2839174270629883,559,2,1756654069.8764913,1756654073.2242172
3610.0,274.0,0.5130844116210938,6.4518351554870605,559,3,1756654073.2368596,1756654080.2017796
3906.0,146.0,0.09285974502563477,1.8130319118499756,559,4,1756654080.225363,1756654082.1312547
4105.0,300.0,0.1480541229248047,3.9906601905822754,559,5,1756654082.1666908,1756654086.3054056
3080.0,185.0,0.18241095542907715,2.3823418617248535,565,1,1756654069.047548,1756654071.6123009
3359.0,280.0,0.04218316078186035,3.747851848602295,565,2,1756654071.7100062,1756654075.500042
3690.0,300.0,0.0787038803100586,3.967203378677368,565,3,1756654075.504509,1756654079.5504165
4016.0,296.0,0.10646891593933105,3.823160409927368,565,4,1756654079.6148496,1756654083.5444798
4445.0,219.0,0.05460000038146973,2.936279296875,565,5,1756654083.5781522,1756654086.569032
3080.0,82.0,0.6723034381866455,1.7620933055877686,585,1,1756654077.2504346,1756654079.684832
3181.0,25.0,0.13213229179382324,0.3107340335845947,585,2,1756654079.7139666,1756654080.156834
3245.0,25.0,2.6429195404052734,1.6729063987731934,585,3,1756654080.6310577,1756654084.946884
3301.0,60.0,0.08582162857055664,0.8218858242034912,585,4,1756654084.9709961,1756654085.8787036
3376.0,62.0,0.07688021659851074,0.7954263687133789,585,5,1756654085.894302,1756654086.7666085
3092.0,78.0,1.3155202865600586,1.5379095077514648,564,1,1756654068.6340837,1756654071.4875135
3224.0,124.0,1.4941604137420654,2.9453649520874023,564,2,1756654071.5100985,1756654075.9496243
3370.0,152.0,0.21030831336975098,1.9022047519683838,564,3,1756654076.0079658,1756654078.1204793
3560.0,80.0,0.07523512840270996,1.0465011596679688,564,4,1756654078.1666653,1756654079.288402
3716.0,135.0,0.7237741947174072,6.797102451324463,564,5,1756654079.3075702,1756654086.8284473
3060.0,127.0,0.17724823951721191,1.612337350845337,594,1,1756654080.9373229,1756654082.7269104
3210.0,25.0,0.0679938793182373,0.3081519603729248,594,2,1756654082.7666087,1756654083.1427555
3256.0,95.0,0.08766341209411621,1.2431180477142334,594,3,1756654083.6884503,1756654085.019232
3368.0,127.0,0.0885469913482666,1.6781885623931885,594,4,1756654085.0714993,1756654086.8382351
3513.0,25.0,0.08739709854125977,0.29183101654052734,594,5,1756654086.91482,1756654087.294048
3056.0,85.0,0.22803544998168945,1.1585521697998047,579,1,1756654074.79258,1756654076.1791682
3152.0,103.0,0.5479862689971924,2.905907154083252,579,2,1756654076.2226799,1756654079.6765733
3266.0,183.0,0.06447291374206543,2.3311610221862793,579,3,1756654079.7121687,1756654082.1078026
3460.0,165.0,0.10133123397827148,2.2739624977111816,579,4,1756654082.1688232,1756654084.5441175
3636.0,109.0,0.3882613182067871,2.4519155025482178,579,5,1756654084.6585019,1756654087.4986787
3560.0,113.0,0.1853487491607666,1.4439332485198975,596,1,1756654081.7573311,1756654083.3866131
3995.0,89.0,0.09369349479675293,1.1580536365509033,596,2,1756654083.4778166,1756654084.7295637
4226.0,34.0,0.0778040885925293,0.45906782150268555,596,3,1756654084.769618,1756654085.3064904
4286.0,85.0,0.05332541465759277,1.1155686378479004,596,4,1756654085.6821783,1756654086.8510728
4413.0,50.0,0.08423829078674316,0.6313297748565674,596,5,1756654086.917067,1756654087.6326356
3057.0,109.0,0.240936279296875,1.3661487102508545,550,1,1756654062.984413,1756654064.591498
3177.0,228.0,1.40421462059021,5.819444179534912,550,2,1756654064.6409018,1756654071.8645606
3418.0,300.0,0.11118125915527344,4.0346174240112305,550,3,1756654071.914901,1756654076.0607002
3729.0,300.0,1.1357011795043945,6.8372392654418945,550,4,1756654076.1109023,1756654084.0838428
4041.0,263.0,0.08040308952331543,3.456244468688965,550,5,1756654084.1454265,1756654087.6820745
3068.0,82.0,1.1882455348968506,1.8948009014129639,574,1,1756654072.7300348,1756654075.8130822
3184.0,116.0,0.22908329963684082,1.496368169784546,574,2,1756654075.909089,1756654077.6345422
3331.0,116.0,1.902895212173462,6.479682922363281,574,3,1756654077.6600592,1756654086.042638
3471.0,83.0,0.05736541748046875,1.0438885688781738,574,4,1756654086.0951905,1756654087.196445
3574.0,70.0,0.04823803901672363,0.8871116638183594,574,5,1756654087.2313306,1756654088.1666813
3069.0,135.0,0.17883872985839844,1.7976453304290771,587,1,1756654078.0657852,1756654080.04227
3230.0,140.0,0.06040072441101074,1.7778878211975098,587,2,1756654080.1215422,1756654081.9598308
3395.0,136.0,0.06017351150512695,1.8686046600341797,587,3,1756654082.06046,1756654083.9892383
3562.0,130.0,0.07928252220153809,1.7370576858520508,587,4,1756654084.0621483,1756654085.87849
3722.0,178.0,0.07615804672241211,2.257411479949951,587,5,1756654085.896739,1756654088.230309
3066.0,159.0,0.2583494186401367,2.17610239982605,577,1,1756654073.9698064,1756654076.4042587
3245.0,19.0,0.04815673828125,0.26377201080322266,577,2,1756654076.4248092,1756654076.7367384
3422.0,196.0,1.885549545288086,4.432106256484985,577,3,1756654077.3546765,1756654083.6723323
3632.0,16.0,0.07979989051818848,0.2787916660308838,577,4,1756654083.684136,1756654084.0427282
3672.0,300.0,0.08082056045532227,3.9097061157226562,577,5,1756654084.5671828,1756654088.5577102
3080.0,12.0,0.4518294334411621,0.2739572525024414,603,1,1756654084.5695288,1756654085.2953162
3127.0,14.0,0.2133033275604248,0.18503522872924805,603,2,1756654085.4767997,1756654085.8751388
3175.0,14.0,0.05912327766418457,0.1677875518798828,603,3,1756654086.3986535,1756654086.6255648
3221.0,34.0,0.07763051986694336,0.43452906608581543,603,4,1756654087.3324702,1756654087.8446298
3291.0,17.0,0.09644126892089844,0.21525168418884277,603,5,1756654088.2610905,1756654088.572784
3067.0,70.0,0.2172105312347412,0.8820714950561523,570,1,1756654071.104078,1756654072.2033603
3149.0,237.0,0.0405426025390625,3.193852663040161,570,2,1756654072.2158418,1756654075.4502378
3400.0,248.0,0.846024751663208,8.000061511993408,570,3,1756654075.5063567,1756654084.3524435
3668.0,229.0,0.09634017944335938,2.9733028411865234,570,4,1756654084.4557006,1756654087.5253458
3917.0,129.0,0.06542730331420898,1.6156742572784424,570,5,1756654087.5408347,1756654089.2219362
3081.0,289.0,0.17382359504699707,3.825361490249634,567,1,1756654069.8781414,1756654073.8773272
3384.0,284.0,0.08211684226989746,3.7916476726531982,567,2,1756654073.9661841,1756654077.8399491
3699.0,300.0,0.06369471549987793,3.8638784885406494,567,3,1756654077.8599057,1756654081.7874796
4040.0,300.0,0.0874629020690918,3.9644274711608887,567,4,1756654081.8572226,1756654085.909114
4356.0,300.0,0.05182814598083496,3.8290839195251465,567,5,1756654085.9980447,1756654089.8789573
3064.0,67.0,0.21196532249450684,0.7823421955108643,584,1,1756654076.8321483,1756654077.8264565
3155.0,93.0,0.06911754608154297,1.1924824714660645,584,2,1756654077.8635464,1756654079.125147
3267.0,78.0,0.6749110221862793,5.533748388290405,584,3,1756654079.2068322,1756654085.4154928
3359.0,115.0,0.05992770195007324,1.5400218963623047,584,4,1756654085.4747353,1756654087.0746849
3508.0,233.0,0.047739505767822266,2.9836037158966064,584,5,1756654087.1233928,1756654090.154737
3080.0,85.0,0.18307042121887207,1.042548418045044,592,1,1756654080.1230755,1756654081.3486953
3181.0,69.0,0.054990291595458984,0.8735246658325195,592,2,1756654081.4448931,1756654082.3734086
3264.0,86.0,0.04836606979370117,1.1131973266601562,592,3,1756654082.4641674,1756654083.6257312
3369.0,206.0,0.08895611763000488,2.7711703777313232,592,4,1756654083.6863182,1756654086.5464451
3596.0,300.0,0.05458569526672363,3.8179197311401367,592,5,1756654086.6105719,1756654090.4830773
3074.0,37.0,0.15335631370544434,0.459348201751709,595,1,1756654081.344722,1756654081.957427
3129.0,19.0,0.051835060119628906,0.23615121841430664,595,2,1756654082.2618618,1756654082.5498502
3895.0,300.0,0.10315752029418945,3.9586353302001953,595,3,1756654083.1749375,1756654087.2367303
4227.0,29.0,0.08196878433227539,0.3714168071746826,595,4,1756654087.3302875,1756654087.7836735
4590.0,162.0,0.0819253921508789,2.0738043785095215,595,5,1756654088.258513,1756654090.4142427
3095.0,30.0,0.20932745933532715,0.38364601135253906,571,1,1756654071.511409,1756654072.1043825
3143.0,30.0,0.09782624244689941,0.41969871520996094,571,2,1756654072.4237485,1756654072.941274
3216.0,126.0,0.9271423816680908,2.6256916522979736,571,3,1756654073.339041,1756654076.8918753
3387.0,177.0,0.08530521392822266,2.2190937995910645,571,4,1756654076.9305813,1756654079.2349806
3728.0,300.0,1.4784870147705078,9.780274391174316,571,5,1756654079.3099315,1756654090.568693
3325.0,79.0,0.37409377098083496,1.0086472034454346,582,1,1756654076.0125017,1756654077.3952427
3415.0,156.0,0.05192708969116211,2.032350778579712,582,2,1756654077.4553049,1756654079.539583
3848.0,233.0,0.12950539588928223,2.9925894737243652,582,3,1756654079.6167054,1756654082.738801
4090.0,300.0,0.06868195533752441,3.9846887588500977,582,4,1756654082.7644079,1756654086.8177793
4457.0,300.0,0.08477783203125,3.833611011505127,582,5,1756654086.9122007,1756654090.8305902
3078.0,300.0,0.6104757785797119,7.490622282028198,554,1,1756654064.6420636,1756654072.7431626
3401.0,300.0,0.1388411521911621,5.973483324050903,554,2,1756654072.828562,1756654078.9408867
3720.0,300.0,0.3506028652191162,3.865931510925293,554,3,1756654078.9943454,1756654083.2108803
4045.0,300.0,0.05889177322387695,3.9517340660095215,554,4,1756654083.2798488,1756654087.2904766
4361.0,275.0,0.07097125053405762,3.5280463695526123,554,5,1756654087.3277173,1756654090.9267368
3064.0,260.0,0.19406533241271973,3.4564125537872314,568,1,1756654070.289183,1756654073.939663
3347.0,292.0,0.9992752075195312,6.444385290145874,568,2,1756654073.9677567,1756654081.411418
3651.0,24.0,2.8682210445404053,0.5146722793579102,568,3,1756654081.4430134,1756654084.8259072
3692.0,300.0,0.06117367744445801,3.9187004566192627,568,4,1756654084.8689935,1756654088.8488677
4014.0,214.0,0.047720909118652344,2.739508867263794,568,5,1756654088.8701048,1756654091.6573365
3119.0,218.0,0.2030940055847168,2.9857120513916016,576,1,1756654073.544166,1756654076.7329724
3359.0,300.0,0.07344222068786621,3.8709805011749268,576,2,1756654076.8307312,1756654080.7751546
3683.0,300.0,0.05299067497253418,3.874509334564209,576,3,1756654080.8365676,1756654084.7640681
4007.0,290.0,0.06441378593444824,3.7971742153167725,576,4,1756654084.7674913,1756654088.6290798
4324.0,300.0,0.07229876518249512,3.8457539081573486,576,5,1756654088.6710718,1756654092.5891244
3822.0,127.0,0.2814147472381592,1.6632726192474365,597,1,1756654082.170601,1756654084.1152887
3989.0,262.0,0.09235405921936035,3.4401798248291016,597,2,1756654084.1498258,1756654087.6823604
4349.0,129.0,0.054245948791503906,1.7229044437408447,597,3,1756654087.7509491,1756654089.5281
4496.0,40.0,1.4855718612670898,0.8830232620239258,597,4,1756654089.5833347,1756654091.9519303
4614.0,67.0,0.08349752426147461,0.8725762367248535,597,5,1756654092.0366044,1756654092.9926786
3060.0,115.0,0.29955053329467773,1.4405889511108398,591,1,1756654079.715168,1756654081.455308
3191.0,133.0,0.044172048568725586,1.7151892185211182,591,2,1756654081.5564804,1756654083.3158424
3349.0,139.0,0.057387590408325195,1.8448505401611328,591,3,1756654083.3779025,1756654085.2801409
3504.0,122.0,1.9445116519927979,2.6636993885040283,591,4,1756654085.375614,1756654089.9838254
3645.0,272.0,0.0880579948425293,3.44059681892395,591,5,1756654089.9928744,1756654093.5215294
3087.0,226.0,0.15094423294067383,2.9869015216827393,558,1,1756654066.2008758,1756654069.3387222
3424.0,236.0,1.3013787269592285,5.471044301986694,558,2,1756654069.3539138,1756654076.1263373
3702.0,170.0,1.0710339546203613,8.236661434173584,558,3,1756654076.2204728,1756654085.5281687
3991.0,224.0,0.15261626243591309,2.8830506801605225,558,4,1756654085.582076,1756654088.6177437
4280.0,237.0,0.3960456848144531,4.795345306396484,558,5,1756654088.668431,1756654093.8598225
3068.0,111.0,0.784569501876831,6.8757712841033936,586,1,1756654077.6615973,1756654085.3219385
3201.0,121.0,0.49313902854919434,2.727405309677124,586,2,1756654085.3740644,1756654088.5946095
3346.0,124.0,0.20673060417175293,1.5747849941253662,586,3,1756654088.6733716,1756654090.4548872
3493.0,130.0,0.0462799072265625,1.617337942123413,586,4,1756654090.4965098,1756654092.160129
3646.0,128.0,0.04779195785522461,1.6315667629241943,586,5,1756654092.2358851,1756654093.9152443
3084.0,68.0,0.21188950538635254,0.9105420112609863,588,1,1756654078.482181,1756654079.6046128
3186.0,184.0,0.08292603492736816,2.357354164123535,588,2,1756654079.6181426,1756654082.0584233
3394.0,300.0,0.05302166938781738,3.999035596847534,588,3,1756654082.062245,1756654086.1143024
3713.0,300.0,0.07873988151550293,3.8317208290100098,588,4,1756654086.1958277,1756654090.1062884
4044.0,300.0,0.05818438529968262,3.79910945892334,588,5,1756654090.1879199,1756654094.045214
3065.0,55.0,0.18233942985534668,0.7390244007110596,604,1,1756654084.9727795,1756654085.894144
3150.0,165.0,0.05891728401184082,2.091487169265747,604,2,1756654086.000471,1756654088.1508775
3334.0,10.0,0.06015205383300781,0.10792326927185059,604,3,1756654088.1549234,1756654088.3229992
3416.0,183.0,0.06433701515197754,2.3579180240631104,604,4,1756654089.071294,1756654091.493549
3658.0,241.0,0.06988310813903809,3.050931930541992,604,5,1756654091.529862,1756654094.6506774
3149.0,29.0,1.3710041046142578,0.9244935512542725,560,1,1756654067.0120454,1756654069.3075438
3208.0,300.0,2.3243088722229004,7.134016990661621,560,2,1756654069.3552954,1756654078.8136213
3556.0,270.0,0.2640950679779053,3.494323492050171,560,3,1756654078.8969922,1756654082.6554108
3858.0,271.0,2.0949084758758545,6.132627010345459,560,4,1756654082.6639202,1756654090.891458
4159.0,300.0,0.06410694122314453,3.7998619079589844,560,5,1756654090.9108646,1756654094.7748337
3056.0,142.0,0.22494935989379883,1.893017053604126,581,1,1756654075.6046119,1756654077.7225795
3526.0,300.0,0.0491485595703125,3.8791024684906006,581,2,1756654077.760614,1756654081.6888654
3836.0,176.0,0.062180519104003906,2.313775062561035,581,3,1756654081.7555294,1756654084.1314857
4023.0,300.0,1.3431940078735352,6.8733885288238525,581,4,1756654084.147824,1756654092.3644066
4576.0,300.0,0.13231587409973145,3.7514150142669678,581,5,1756654092.4378352,1756654096.3215666
3560.0,55.0,0.2153615951538086,0.6662776470184326,617,1,1756654090.2928822,1756654091.1745214
3717.0,6.0,0.10632061958312988,0.05776357650756836,617,2,1756654091.2271128,1756654091.391197
3821.0,38.0,0.07017922401428223,0.4808919429779053,617,3,1756654092.1371355,1756654092.688207
3987.0,28.0,0.056746482849121094,0.35805845260620117,617,4,1756654093.0608277,1756654093.4756331
4156.0,44.0,1.3995296955108643,0.9195461273193359,617,5,1756654093.9905758,1756654096.3096523
3204.0,87.0,1.5664198398590088,1.8935821056365967,609,1,1756654087.0273256,1756654090.4873276
3445.0,167.0,0.1928722858428955,2.0809106826782227,609,2,1756654090.4987726,1756654092.7725558
3813.0,76.0,0.07683897018432617,0.95615553855896,609,3,1756654092.8518913,1756654093.8848858
3917.0,183.0,0.0668179988861084,2.278745412826538,609,4,1756654093.9884083,1756654096.3339725
4134.0,17.0,0.07247066497802734,0.2627983093261719,609,5,1756654096.3406687,1756654096.6759381
3056.0,89.0,0.2122962474822998,1.2621662616729736,580,1,1756654075.2030172,1756654076.67748
3463.0,300.0,1.2570865154266357,11.182388067245483,580,2,1756654076.7274024,1756654089.166877
3773.0,101.0,0.10998415946960449,1.2836413383483887,580,3,1756654089.171816,1756654090.5654416
3885.0,300.0,0.08602142333984375,3.831866979598999,580,4,1756654090.6089282,1756654094.5268166
4622.0,300.0,0.0838465690612793,3.8771722316741943,580,5,1756654094.6101112,1756654098.5711305
3100.0,121.0,0.1914067268371582,1.507385492324829,610,1,1756654087.4389207,1756654089.137713
3238.0,123.0,0.10875344276428223,1.5610277652740479,610,2,1756654089.1738498,1756654090.843631
3378.0,173.0,0.05732893943786621,2.1820321083068848,610,3,1756654090.9165864,1756654093.155948
3615.0,185.0,0.07112932205200195,2.3207314014434814,610,4,1756654093.159776,1756654095.5516372
3821.0,233.0,0.04615378379821777,3.0940918922424316,610,5,1756654095.6265168,1756654098.766763
3095.0,190.0,0.1999373435974121,2.5273046493530273,599,1,1756654082.968489,1756654085.695731
3341.0,300.0,0.049195051193237305,3.866492509841919,599,2,1756654085.78942,1756654089.7051082
3730.0,151.0,0.0428309440612793,1.9253506660461426,599,3,1756654089.7849236,1756654091.7531066
3950.0,255.0,0.05435037612915039,3.2446892261505127,599,4,1756654091.8325837,1756654095.1316237
4271.0,291.0,0.05540132522583008,3.8324637413024902,599,5,1756654095.2235975,1756654099.111463
3823.0,300.0,0.19559907913208008,3.8485286235809326,583,1,1756654076.4263318,1756654080.4704602
4133.0,300.0,0.06139349937438965,3.953007936477661,583,2,1756654080.5299091,1756654084.544311
4445.0,300.0,1.120448112487793,6.344358205795288,583,3,1756654084.6608934,1756654092.1257002
4953.0,300.0,0.08757996559143066,3.7916688919067383,583,4,1756654092.1348794,1756654096.0141287
5263.0,268.0,0.07564282417297363,3.561328411102295,583,5,1756654096.028672,1756654099.665644
3062.0,70.0,0.19382476806640625,0.8822708129882812,611,1,1756654087.8481696,1756654088.9242651
3150.0,39.0,0.040521860122680664,0.5298185348510742,611,2,1756654088.9704666,1756654089.5408077
3209.0,123.0,0.07525753974914551,1.564453125,611,3,1756654089.8860781,1756654091.5257888
3354.0,180.0,1.1119682788848877,3.6897478103637695,611,4,1756654091.532515,1756654096.3342316
3596.0,246.0,0.08993172645568848,3.292729616165161,611,5,1756654096.3429008,1756654099.7255623
3069.0,300.0,0.20782947540283203,3.818030595779419,590,1,1756654079.3120143,1756654083.3378763
3383.0,262.0,0.05558013916015625,3.4962196350097656,590,2,1756654083.3764153,1756654086.9282155
3658.0,300.0,1.377542495727539,6.1769936084747314,590,3,1756654087.0250034,1756654094.5795398
3978.0,112.0,1.566117286682129,2.5106027126312256,590,4,1756654094.6125581,1756654098.6892786
4126.0,89.0,0.11141157150268555,1.173624038696289,590,5,1756654098.785949,1756654100.0709846
3137.0,300.0,0.18013286590576172,3.9374144077301025,600,1,1756654083.3794634,1756654087.4970107
3487.0,229.0,0.06183648109436035,2.9201955795288086,600,2,1756654087.5432873,1756654090.5253215
3754.0,300.0,0.08223581314086914,3.8162219524383545,600,3,1756654090.6112761,1756654094.5097342
4115.0,209.0,0.05812788009643555,2.6942522525787354,600,4,1756654094.614366,1756654097.3667467
4393.0,258.0,0.061799049377441406,3.394453763961792,600,5,1756654097.4567745,1756654100.9130278
3056.0,89.0,0.7313668727874756,1.9718449115753174,608,1,1756654086.6130457,1756654089.3162575
3168.0,110.0,0.2346665859222412,1.393627405166626,608,2,1756654089.379305,1756654091.0075996
3288.0,69.0,0.055002450942993164,0.8784563541412354,608,3,1756654091.0190856,1756654091.952545
3455.0,2.0,0.0686638355255127,0.0160675048828125,608,4,1756654092.0387788,1756654092.1235106
3468.0,300.0,1.1246471405029297,6.848071575164795,608,5,1756654092.9566824,1756654100.9294012
3103.0,175.0,0.17153263092041016,2.2845346927642822,598,1,1756654082.563339,1756654085.019407
3343.0,255.0,0.08682823181152344,3.3114912509918213,598,2,1756654085.07359,1756654088.4719105
3651.0,101.0,0.054335594177246094,1.296229362487793,598,3,1756654088.5605745,1756654089.9111407
3805.0,300.0,1.120347261428833,6.050970077514648,598,4,1756654089.9964352,1756654097.1677532
4168.0,300.0,0.09256434440612793,3.933180093765259,598,5,1756654097.2547696,1756654101.2805145
3068.0,189.0,0.18371248245239258,2.3977158069610596,606,1,1756654085.790903,1756654088.3723319
3282.0,189.0,1.2162566184997559,4.096587657928467,606,2,1756654088.4628463,1756654093.7756906
3490.0,197.0,0.05051541328430176,2.4421920776367188,606,3,1756654093.7805681,1756654096.2732763
3706.0,196.0,0.07731485366821289,2.66757869720459,606,4,1756654096.3384755,1756654099.0833693
3921.0,208.0,0.05801868438720703,2.7103326320648193,606,5,1756654099.084905,1756654101.8532567
3119.0,212.0,0.9593687057495117,4.732988595962524,605,1,1756654085.377403,1756654091.0697603
3350.0,95.0,0.11951470375061035,1.1777443885803223,605,2,1756654091.1236062,1756654092.4208653
3459.0,136.0,1.6909019947052002,2.8228321075439453,605,3,1756654092.4405239,1756654096.9542587
3609.0,208.0,0.08520174026489258,2.735952377319336,605,4,1756654097.0478327,1756654099.8689873
3832.0,177.0,0.05523204803466797,2.2976558208465576,605,5,1756654099.918975,1756654102.2718635
3111.0,300.0,0.2536177635192871,3.902482271194458,601,1,1756654083.7953577,1756654087.9514577
3458.0,300.0,0.05108213424682617,3.8200206756591797,601,2,1756654088.053024,1756654091.9241269
3831.0,232.0,0.05704140663146973,2.952704906463623,601,3,1756654091.93326,1756654094.9430063
4150.0,300.0,0.051381826400756836,3.9034388065338135,601,4,1756654095.018491,1756654098.9733126
4515.0,274.0,0.06805658340454102,3.567965507507324,601,5,1756654098.9853194,1756654102.6213417
3065.0,129.0,0.2534809112548828,1.6153934001922607,607,1,1756654086.1979842,1756654088.066859
3213.0,116.0,0.8050763607025146,2.4090449810028076,607,2,1756654088.1566033,1756654091.3707247
3348.0,167.0,0.05793333053588867,3.3801941871643066,607,3,1756654091.426971,1756654094.865099
3534.0,165.0,0.08001160621643066,2.1072757244110107,607,4,1756654094.9154954,1756654097.1027832
3764.0,192.0,2.0203349590301514,4.695032835006714,607,5,1756654097.148647,1756654103.8640149
3077.0,300.0,0.3908219337463379,3.8452460765838623,602,1,1756654084.1510372,1756654088.3871055
3412.0,300.0,0.04688835144042969,3.799372673034668,602,2,1756654088.4611487,1756654092.3074098
3734.0,283.0,0.06439757347106934,3.590914487838745,602,3,1756654092.3370311,1756654095.992344
4031.0,300.0,0.077239990234375,3.9956843852996826,602,4,1756654096.0311177,1756654100.1040423
4406.0,300.0,0.1296088695526123,3.878264904022217,602,5,1756654100.1182306,1756654104.1261048
3063.0,193.0,0.2345261573791504,2.4455785751342773,612,1,1756654088.263244,1756654090.9433486
3289.0,217.0,0.05197906494140625,2.7699992656707764,612,2,1756654091.0233798,1756654093.8453584
3544.0,196.0,0.052617788314819336,2.4385807514190674,612,3,1756654093.8828213,1756654096.3740203
3761.0,181.0,0.07265377044677734,2.4470200538635254,612,4,1756654096.4392507,1756654098.958925
3957.0,196.0,0.9068055152893066,4.8390021324157715,612,5,1756654098.987679,1756654104.7334871
3063.0,276.0,0.21590614318847656,3.4885826110839844,620,1,1756654091.534678,1756654095.239167
3357.0,300.0,0.041773319244384766,3.93684720993042,620,2,1756654095.3215816,1756654099.3002028
3690.0,160.0,0.15688467025756836,2.0518386363983154,620,3,1756654099.392014,1756654101.6007378
3864.0,27.0,0.046929121017456055,0.3602738380432129,620,4,1756654101.646628,1756654102.0538313
3913.0,164.0,0.05907630920410156,2.0951180458068848,620,5,1756654102.5601625,1756654104.7143576
3065.0,163.0,0.2050645351409912,2.0469601154327393,619,1,1756654091.125956,1756654093.3779807
3248.0,248.0,0.04979300498962402,3.1406521797180176,619,2,1756654093.4655526,1756654096.6559987
3513.0,188.0,0.06657052040100098,2.492917060852051,619,3,1756654096.7405388,1756654099.300027
3725.0,197.0,0.14507317543029785,2.543147325515747,619,4,1756654099.3897016,1756654102.0779226
3937.0,218.0,0.0614628791809082,2.795583486557007,619,5,1756654102.155716,1756654105.012763
3061.0,300.0,0.21615290641784668,3.8771884441375732,593,1,1756654080.5326338,1756654084.6259766
3376.0,177.0,2.141239643096924,3.8640406131744385,593,2,1756654084.6624832,1756654090.6677656
3569.0,250.0,0.4259946346282959,4.9345598220825195,593,3,1756654090.7092187,1756654096.0697742
3837.0,300.0,0.370220422744751,5.862796068191528,593,4,1756654096.133143,1756654102.3661597
4156.0,212.0,0.09656405448913574,2.6914379596710205,593,5,1756654102.4585288,1756654105.2465312
3060.0,30.0,0.16236448287963867,0.3923349380493164,633,1,1756654096.8467495,1756654097.4014497
3107.0,124.0,0.12117123603820801,1.6661200523376465,633,2,1756654097.7575774,1756654099.544869
3247.0,120.0,0.06952309608459473,1.5500361919403076,633,3,1756654099.6047761,1756654101.224336
3383.0,170.0,0.046844482421875,2.2436721324920654,633,4,1756654101.2372632,1756654103.5277798
3568.0,174.0,0.04351210594177246,2.120734453201294,633,5,1756654103.5737154,1756654105.7379625
3070.0,20.0,0.19871807098388672,0.22945713996887207,638,1,1756654098.8834262,1756654099.3116019
3107.0,99.0,0.9825658798217773,2.0676918029785156,638,2,1756654099.8140652,1756654102.8643236
3222.0,74.0,0.04299139976501465,0.9404799938201904,638,3,1756654102.865698,1756654103.8491704
3318.0,79.0,0.07755136489868164,0.9491744041442871,638,4,1756654103.8806558,1756654104.907382
3418.0,74.0,0.05589556694030762,0.8790483474731445,638,5,1756654104.919028,1756654105.853974
3057.0,107.0,0.18540644645690918,1.4333996772766113,589,1,1756654078.8990436,1756654080.5178504
3192.0,300.0,0.7435698509216309,6.79684591293335,589,2,1756654080.531448,1756654088.0718641
3527.0,300.0,0.06459808349609375,3.8093485832214355,589,3,1756654088.153029,1756654092.0269763
3839.0,280.0,0.5661039352416992,6.111034154891968,589,4,1756654092.034403,1756654098.7115421
4160.0,300.0,1.2544820308685303,6.394655704498291,589,5,1756654098.7834663,1756654106.4326048
3058.0,101.0,0.8537077903747559,1.725700855255127,634,1,1756654097.2585154,1756654099.8379247
3175.0,31.0,0.16471576690673828,0.38756370544433594,634,2,1756654099.9233108,1756654100.4755905
3222.0,4.0,0.0464019775390625,0.039849042892456055,634,3,1756654100.826957,1756654100.913208
3242.0,144.0,0.08272886276245117,1.8711307048797607,634,4,1756654101.747186,1756654103.701046
3412.0,300.0,0.05132555961608887,3.7729883193969727,634,5,1756654103.7749825,1756654107.5992968
3075.0,115.0,1.133002758026123,2.386662483215332,618,1,1756654090.7118654,1756654094.2315326
3212.0,113.0,0.23540139198303223,1.3852198123931885,618,2,1756654094.2890618,1756654095.9096835
3346.0,298.0,0.04310250282287598,3.9455761909484863,618,3,1756654095.9302573,1756654099.9189367
3664.0,300.0,0.08406352996826172,3.907517433166504,618,4,1756654100.0155976,1756654104.0071785
3991.0,285.0,0.04207181930541992,3.556213140487671,618,5,1756654104.0786858,1756654107.6769707
3080.0,300.0,0.17438864707946777,3.7584826946258545,622,1,1756654092.3390753,1756654096.271947
3399.0,24.0,0.08466410636901855,0.35330653190612793,622,2,1756654096.3449435,1756654096.7829146
3468.0,300.0,0.058298587799072266,3.934704303741455,622,3,1756654097.2570488,1756654101.2500525
3794.0,212.0,0.0734715461730957,2.7796177864074707,622,4,1756654101.3382769,1756654104.1913662
4035.0,300.0,0.05501580238342285,3.692134380340576,622,5,1756654104.2862875,1756654108.0334377
3078.0,10.0,0.17365217208862305,0.10610747337341309,643,1,1756654100.934339,1756654101.2140992
3319.0,300.0,0.06334757804870605,3.7708258628845215,643,2,1756654101.8518088,1756654105.6859827
3664.0,83.0,0.06471514701843262,1.0967037677764893,643,3,1756654105.7361565,1756654106.8975754
3785.0,16.0,0.059625864028930664,0.21238994598388672,643,4,1756654106.9522562,1756654107.2242732
3861.0,55.0,0.06225848197937012,0.6655175685882568,643,5,1756654107.867455,1756654108.595231
3066.0,197.0,0.19541120529174805,2.4879941940307617,616,1,1756654089.8893056,1756654092.5727115
3290.0,300.0,0.05394101142883301,3.765681743621826,616,2,1756654092.6463814,1756654096.466005
3607.0,300.0,0.1699671745300293,3.9678752422332764,616,3,1756654096.5397346,1756654100.6775777
3930.0,141.0,2.0189566612243652,2.959216833114624,616,4,1756654100.723972,1756654105.7021463
4090.0,254.0,0.06980681419372559,3.1926140785217285,616,5,1756654105.733794,1756654108.9962153
3084.0,300.0,1.5648608207702637,6.121431112289429,613,1,1756654088.6749392,1756654096.3612316
3404.0,211.0,0.26866579055786133,2.8164472579956055,613,2,1756654096.4414127,1756654099.5265262
3630.0,300.0,0.05640077590942383,3.938326835632324,613,3,1756654099.6028318,1756654103.5975595
3954.0,300.0,0.047736167907714844,3.7704262733459473,613,4,1756654103.6778462,1756654107.4960089
4272.0,194.0,0.057674407958984375,2.4208006858825684,613,5,1756654107.5605652,1756654110.039041
3112.0,300.0,0.16578221321105957,3.8311851024627686,625,1,1756654093.5665548,1756654097.563524
3453.0,210.0,0.08298015594482422,2.7916741371154785,625,2,1756654097.658983,1756654100.533638
3710.0,300.0,0.06311821937561035,3.889458417892456,625,3,1756654100.623444,1756654104.5760212
4040.0,300.0,0.0552365779876709,3.6994690895080566,625,4,1756654104.6054165,1756654108.3601222
4362.0,147.0,0.07124757766723633,1.9167892932891846,625,5,1756654108.3779354,1756654110.3659728
3065.0,146.0,0.21506190299987793,1.91703462600708,635,1,1756654097.6602364,1756654099.7923331
3240.0,300.0,0.07225418090820312,3.905374050140381,635,2,1756654099.809369,1756654103.786998
3561.0,158.0,0.07754158973693848,1.8978090286254883,635,3,1756654103.8788376,1756654105.8541882
3740.0,168.0,0.14931344985961914,2.054075241088867,635,4,1756654105.937688,1756654108.1410768
3930.0,169.0,0.05164766311645508,2.2265686988830566,635,5,1756654108.1762292,1756654110.454446
3093.0,300.0,0.268646240234375,3.885195016860962,627,1,1756654094.3896513,1756654098.543493
3405.0,241.0,0.09689712524414062,3.1358842849731445,627,2,1756654098.5727723,1756654101.8055542
3657.0,238.0,0.07795166969299316,3.0274856090545654,627,3,1756654101.8483632,1756654104.9538007
3908.0,150.0,0.07420730590820312,1.889413595199585,627,4,1756654105.016795,1756654106.9804158
4072.0,300.0,0.08063197135925293,3.853553056716919,627,5,1756654107.0535696,1756654110.987756
3069.0,35.0,0.2643859386444092,0.47281384468078613,636,1,1756654098.0654135,1756654098.8026137
3119.0,116.0,0.06499600410461426,1.4894423484802246,636,2,1756654098.9898353,1756654100.544274
3278.0,242.0,0.5826442241668701,5.125603437423706,636,3,1756654100.6254487,1756654106.3336968
3541.0,171.0,0.08259892463684082,2.0846662521362305,636,4,1756654106.342046,1756654108.5093129
4276.0,250.0,0.09284520149230957,3.3319640159606934,636,5,1756654108.5840976,1756654112.0089078
3066.0,300.0,0.27823805809020996,3.7954211235046387,615,1,1756654089.5033123,1756654093.576973
3385.0,300.0,0.059691667556762695,3.829864263534546,615,2,1756654093.674129,1756654097.563685
3708.0,300.0,0.06734776496887207,3.9497392177581787,615,3,1756654097.657163,1756654101.6742501
4026.0,220.0,0.08166909217834473,2.837618827819824,615,4,1756654101.745009,1756654104.6642976
4269.0,300.0,0.9034130573272705,6.5744757652282715,615,5,1756654104.708125,1756654112.1860144
3072.0,16.0,0.20556139945983887,0.17988014221191406,630,1,1756654095.6288655,1756654096.0143075
3137.0,16.0,0.4838697910308838,0.2928018569946289,630,2,1756654096.541513,1756654097.3181853
3164.0,40.0,0.0628652572631836,0.5198612213134766,630,3,1756654097.459119,1756654098.041846
3220.0,249.0,0.0625150203704834,4.99284029006958,630,4,1756654098.368806,1756654103.4241612
3497.0,300.0,1.6265132427215576,7.306013822555542,630,5,1756654103.473283,1756654112.4058106
3072.0,16.0,0.46984314918518066,0.27015089988708496,631,1,1756654096.034145,1756654096.7741404
3101.0,81.0,0.1871509552001953,1.0429236888885498,631,2,1756654096.9474344,1756654098.1775095
3214.0,293.0,0.05668973922729492,5.869892120361328,631,3,1756654098.266915,1756654104.1934974
3518.0,265.0,0.19817757606506348,5.7714338302612305,631,4,1756654104.2899172,1756654110.259529
3798.0,209.0,0.09483742713928223,2.7923545837402344,631,5,1756654110.32958,1756654113.2167726
3068.0,165.0,0.2259383201599121,2.058882474899292,624,1,1756654093.1634185,1756654095.44824
3275.0,236.0,0.047309160232543945,3.1234517097473145,624,2,1756654095.525873,1756654098.6966338
3533.0,270.0,0.10735321044921875,3.549922466278076,624,3,1756654098.7881117,1756654102.445388
3839.0,256.0,1.2909646034240723,5.461970806121826,624,4,1756654102.461094,1756654109.2140296
4122.0,300.0,0.057427406311035156,4.071131944656372,624,5,1756654109.297464,1756654113.4260232
3083.0,300.0,0.19173550605773926,3.80707049369812,614,1,1756654089.073469,1756654093.072275
3406.0,234.0,0.0648355484008789,2.939884901046753,614,2,1756654093.1620674,1756654096.1667883
3667.0,269.0,0.051691532135009766,3.5993568897247314,614,3,1756654096.2330291,1756654099.884078
3961.0,300.0,2.0403146743774414,7.553905487060547,614,4,1756654099.9213536,1756654109.5155745
4285.0,300.0,0.0966939926147461,4.122565031051636,614,5,1756654109.615794,1756654113.835054
3100.0,269.0,0.14823579788208008,3.4891977310180664,642,1,1756654100.5227563,1756654104.1601906
3411.0,28.0,0.13367128372192383,0.32129549980163574,642,2,1756654104.1845453,1756654104.6395128
3478.0,300.0,0.08557009696960449,3.734572649002075,642,3,1756654105.0190933,1756654108.8392365
3853.0,181.0,0.06442093849182129,2.395350933074951,642,4,1756654108.888437,1756654111.348209
4078.0,183.0,0.18250012397766113,2.461406946182251,642,5,1756654111.3538635,1756654113.9977708
3145.0,48.0,0.1712961196899414,0.618419885635376,640,1,1756654099.7063959,1756654100.496112
3249.0,216.0,0.060208797454833984,2.812670946121216,640,2,1756654100.6269724,1756654103.499854
3490.0,238.0,0.9538581371307373,5.131632089614868,640,3,1756654103.5760381,1756654109.661529
3774.0,257.0,0.04909658432006836,3.4813945293426514,640,4,1756654109.7223618,1756654113.252853
4050.0,49.0,0.08381795883178711,0.6913511753082275,640,5,1756654113.294437,1756654114.0696065
3070.0,24.0,0.1285243034362793,0.27004241943359375,641,1,1756654100.1207635,1756654100.5193303
3192.0,97.0,0.07486653327941895,1.2660787105560303,641,2,1756654101.0339575,1756654102.374903
3335.0,69.0,1.7134301662445068,1.8274149894714355,641,3,1756654102.4649704,1756654106.0058155
3423.0,85.0,2.0488157272338867,1.852048397064209,641,4,1756654106.0372975,1756654109.938163
3543.0,300.0,0.09924626350402832,4.302023649215698,641,5,1756654110.0246477,1756654114.425918
3074.0,300.0,0.29691314697265625,3.7821319103240967,646,1,1756654102.159361,1756654106.238406
3393.0,115.0,0.04329180717468262,1.4398987293243408,646,2,1756654106.2397604,1756654107.7229536
3535.0,156.0,0.052115678787231445,1.9428322315216064,646,3,1756654107.7617712,1756654109.7567205
3712.0,153.0,0.08184814453125,2.0891261100769043,646,4,1756654109.826404,1756654111.997379
3895.0,167.0,0.08222055435180664,2.38124418258667,646,5,1756654112.0628784,1756654114.5263436
3057.0,212.0,0.19813871383666992,2.6048085689544678,648,1,1756654102.966553,1756654105.7695007
3293.0,167.0,0.08372664451599121,2.0946762561798096,648,2,1756654105.836118,1756654108.0145211
3479.0,146.0,0.05724501609802246,1.8424851894378662,648,3,1756654108.0693488,1756654109.969079
3639.0,112.0,0.09186530113220215,1.5481724739074707,648,4,1756654110.0283842,1756654111.668422
3772.0,191.0,0.04677581787109375,2.716254472732544,648,5,1756654111.7627103,1756654114.525741
3066.0,300.0,0.16571927070617676,3.80733060836792,623,1,1756654092.7513528,1756654096.7244036
3396.0,300.0,0.7555568218231201,5.868729829788208,623,2,1756654096.7426112,1756654103.3668978
3726.0,300.0,0.05779719352722168,3.7926409244537354,623,3,1756654103.3736486,1756654107.2240872
4054.0,300.0,0.059194087982177734,3.8170244693756104,623,4,1756654107.2542868,1756654111.1305058
4400.0,247.0,0.09879851341247559,3.3428828716278076,623,5,1756654111.1486392,1756654114.590321
3060.0,77.0,0.17728829383850098,0.9413542747497559,628,1,1756654094.8150997,1756654095.9337425
3164.0,300.0,1.4075090885162354,7.3406593799591064,628,2,1756654096.0330222,1756654104.7811909
3481.0,300.0,0.05050086975097656,3.7173244953155518,628,3,1756654104.8097403,1756654108.5775664
3809.0,300.0,0.05974078178405762,4.032506942749023,628,4,1756654108.5819736,1756654112.6742218
4137.0,300.0,0.0681002140045166,4.067819356918335,628,5,1756654112.6801503,1756654116.8160715
3151.0,27.0,0.21248579025268555,0.3630220890045166,644,1,1756654101.3404362,1756654101.9159448
3277.0,300.0,0.07624435424804688,3.8074145317077637,644,2,1756654102.2546968,1756654106.1383557
3611.0,203.0,0.0536649227142334,2.50431752204895,644,3,1756654106.1388083,1756654108.6967916
3856.0,297.0,1.5512442588806152,6.435853719711304,644,4,1756654108.7916245,1756654116.7787225
4177.0,20.0,0.2868194580078125,0.35315704345703125,644,5,1756654116.79024,1756654117.4302166
3236.0,38.0,0.2695474624633789,0.4826319217681885,671,1,1756654112.375431,1756654113.1276114
3290.0,39.0,0.08569598197937012,0.5463852882385254,671,2,1756654113.296914,1756654113.928996
3350.0,53.0,0.11205410957336426,0.7578961849212646,671,3,1756654114.4652667,1756654115.335217
3441.0,51.0,0.589728593826294,1.1404247283935547,671,4,1756654115.3630564,1756654117.0932107
3520.0,66.0,0.08438754081726074,0.9470963478088379,671,5,1756654117.1014667,1756654118.1329505
3061.0,300.0,0.5274703502655029,6.5612664222717285,621,1,1756654091.9351914,1756654099.0239284
3382.0,235.0,0.8220682144165039,5.882917165756226,621,2,1756654099.0887926,1756654105.7937784
3647.0,300.0,0.25147247314453125,3.7356014251708984,621,3,1756654105.8340747,1756654109.8211486
3973.0,300.0,0.08536767959594727,4.135047674179077,621,4,1756654109.824309,1756654114.0447252
4298.0,295.0,0.10746288299560547,4.060925006866455,621,5,1756654114.4589512,1756654118.6273398
3117.0,284.0,1.0841341018676758,7.103845596313477,645,1,1756654101.74893,1756654109.9369097
3557.0,162.0,0.29643774032592773,2.1839189529418945,645,2,1756654110.027068,1756654112.507425
3736.0,9.0,0.06270432472229004,0.10649418830871582,645,3,1756654112.5797515,1756654112.7489505
3769.0,32.0,0.05367422103881836,0.47335362434387207,645,4,1756654113.502851,1756654114.0298793
3837.0,300.0,0.10217666625976562,4.129276514053345,645,5,1756654114.4615314,1756654118.6929855
3236.0,198.0,0.18561100959777832,2.4853954315185547,647,1,1756654102.56255,1756654105.2335575
3465.0,300.0,0.046217918395996094,3.708982229232788,647,2,1756654105.3282602,1756654109.0834606
3793.0,72.0,0.04988837242126465,0.9542548656463623,647,3,1756654109.0900676,1756654110.0942113
3888.0,161.0,1.7977828979492188,3.9248976707458496,647,4,1756654110.128361,1756654115.8510423
4067.0,204.0,0.06332540512084961,2.782505512237549,647,5,1756654115.8709657,1756654118.716797
3127.0,300.0,0.8176391124725342,6.832808256149292,626,1,1756654093.9928856,1756654101.6433334
3450.0,218.0,0.23069024085998535,2.796616315841675,626,2,1756654101.6487288,1756654104.6760356
3685.0,300.0,1.597149133682251,6.502055406570435,626,3,1756654104.7104743,1756654112.8096788
4032.0,191.0,0.054813385009765625,2.628175735473633,626,4,1756654112.881972,1756654115.564962
4236.0,240.0,0.05250382423400879,3.271273136138916,626,5,1756654115.565481,1756654118.8892584
3085.0,300.0,0.9775500297546387,5.919999599456787,629,1,1756654095.2261994,1756654102.1237497
3396.0,202.0,0.1575486660003662,2.569749116897583,629,2,1756654102.1580951,1756654104.8853934
3626.0,300.0,0.04525041580200195,3.73600435256958,629,3,1756654104.9172335,1756654108.6984882
3975.0,300.0,0.3362772464752197,6.507944822311401,629,4,1756654108.7891932,1756654115.6334152
4286.0,250.0,0.07985806465148926,3.4108314514160156,629,5,1756654115.6698184,1756654119.1605086
3064.0,160.0,0.19040703773498535,2.140641212463379,632,1,1756654096.4426308,1756654098.7736797
3249.0,265.0,0.10476970672607422,3.4802939891815186,632,2,1756654098.7895904,1756654102.3746545
3530.0,300.0,1.1698310375213623,7.428555965423584,632,3,1756654102.4633503,1756654111.0617378
3848.0,143.0,0.8119237422943115,3.043470859527588,632,4,1756654111.151091,1756654115.0064857
4011.0,184.0,0.2754781246185303,3.926614284515381,632,5,1756654115.060827,1756654119.26292
3077.0,300.0,0.12947916984558105,3.6934494972229004,651,1,1756654104.187303,1756654108.0102317
3395.0,300.0,0.06380033493041992,3.9906628131866455,651,2,1756654108.071915,1756654112.1263785
3713.0,126.0,0.05224251747131348,1.7188231945037842,651,3,1756654112.1705942,1756654113.9416606
3875.0,147.0,0.06210470199584961,1.965791940689087,651,4,1756654114.0053172,1756654116.0332146
4059.0,238.0,0.049326419830322266,3.215280532836914,651,5,1756654116.0783987,1756654119.3430061
3063.0,69.0,1.6414759159088135,1.185741662979126,672,1,1756654112.7852511,1756654115.6124704
3149.0,84.0,0.244551420211792,1.084519386291504,672,2,1756654115.6739714,1756654117.0030422
3250.0,61.0,0.07699179649353027,0.8579275608062744,672,3,1756654117.1035655,1756654118.0384853
3329.0,58.0,0.0614778995513916,0.7437186241149902,672,4,1756654118.1175134,1756654118.922711
3407.0,64.0,0.07715678215026855,0.7524721622467041,672,5,1756654119.0423384,1756654119.871968
3063.0,46.0,0.22376322746276855,0.5164971351623535,653,1,1756654105.0308383,1756654105.7710993
3153.0,180.0,0.7601282596588135,3.84307599067688,653,2,1756654105.9398124,1756654110.543017
3348.0,253.0,0.06627917289733887,3.7231662273406982,653,3,1756654110.6361043,1756654114.4255502
3621.0,222.0,0.10825634002685547,2.9953463077545166,653,4,1756654114.5505257,1756654117.6541283
3858.0,289.0,0.0509343147277832,3.7919676303863525,653,5,1756654117.7141814,1756654121.5570836
3076.0,216.0,0.21813130378723145,2.6811912059783936,649,1,1756654103.375397,1756654106.2747202
3314.0,278.0,0.0840599536895752,3.460782289505005,649,2,1756654106.3442678,1756654109.88911
3609.0,150.0,0.0625314712524414,2.060316324234009,649,3,1756654109.9241238,1756654112.0469725
3783.0,212.0,0.08362960815429688,2.88352632522583,649,4,1756654112.065287,1756654115.0324438
4017.0,234.0,1.4848718643188477,5.793767690658569,649,5,1756654115.0634456,1756654122.3420856
3059.0,48.0,0.14478039741516113,0.6223480701446533,677,1,1756654114.8561893,1756654115.6233177
3121.0,19.0,1.3037354946136475,0.3369734287261963,677,2,1756654115.7737188,1756654117.4144282
3157.0,33.0,2.4064435958862305,0.7398867607116699,677,3,1756654117.5135598,1756654120.659891
3203.0,47.0,0.052774667739868164,0.602304220199585,677,4,1756654120.675214,1756654121.330293
3266.0,53.0,0.052451372146606445,0.8396811485290527,677,5,1756654121.6021001,1756654122.4942334
3075.0,297.0,0.1749875545501709,3.7201850414276123,655,1,1756654105.8373992,1756654109.7325723
3389.0,300.0,0.07508325576782227,4.140194654464722,655,2,1756654109.8296804,1756654114.0449593
3704.0,153.0,0.1006155014038086,2.0779738426208496,655,3,1756654114.463708,1756654116.6422977
3880.0,210.0,0.06535220146179199,2.801159381866455,655,4,1756654116.6853945,1756654119.551907
4103.0,218.0,0.08840632438659668,2.996338129043579,655,5,1756654119.5679767,1756654122.6527216
3088.0,146.0,0.19473838806152344,2.0060272216796875,664,1,1756654109.539107,1756654111.7398736
3256.0,94.0,0.059288978576660156,1.2358570098876953,664,2,1756654111.7650976,1756654113.060244
3382.0,226.0,0.05243349075317383,3.0916478633880615,664,3,1756654113.0879133,1756654116.231995
3653.0,169.0,0.04757809638977051,2.329547643661499,664,4,1756654116.2789357,1756654118.656062
3870.0,300.0,0.04625511169433594,4.021138906478882,664,5,1756654118.7279458,1756654122.7953403
3060.0,106.0,0.17911505699157715,1.4028575420379639,670,1,1756654111.9647748,1756654113.5467482
3180.0,125.0,0.07057976722717285,1.7337899208068848,670,2,1756654113.5994747,1756654115.4038444
3322.0,95.0,2.376157283782959,2.3667194843292236,670,3,1756654115.464764,1756654120.2076416
3440.0,53.0,0.07377982139587402,0.6566159725189209,670,4,1756654120.2708027,1756654121.001199
3521.0,108.0,0.07150483131408691,1.585249900817871,670,5,1756654121.1910782,1756654122.8478334
3060.0,119.0,0.18137288093566895,1.4479656219482422,650,1,1756654103.7774243,1756654105.4067636
3194.0,144.0,1.1056182384490967,3.2621731758117676,650,2,1756654105.430011,1756654109.7978024
3364.0,150.0,1.3587546348571777,3.3389880657196045,650,3,1756654109.8282614,1756654114.5260046
3534.0,300.0,0.10824084281921387,4.11107325553894,650,4,1756654114.5481458,1756654118.7674603
3851.0,300.0,0.04709339141845703,4.057240962982178,650,5,1756654118.8370905,1756654122.9414256
3082.0,161.0,0.18393182754516602,2.153646945953369,662,1,1756654108.6826572,1756654111.020236
3309.0,300.0,0.07075929641723633,4.1170125007629395,662,2,1756654111.048257,1756654115.236029
3814.0,239.0,0.04770016670227051,3.2702503204345703,662,3,1756654115.2611501,1756654118.5791018
4076.0,47.0,0.06916093826293945,0.5810892581939697,662,4,1756654118.633811,1756654119.2840617
4145.0,244.0,0.08698558807373047,3.412015914916992,662,5,1756654119.570231,1756654123.069233
3153.0,300.0,0.19858574867248535,3.9294214248657227,637,1,1756654098.4707096,1756654102.5987167
3496.0,232.0,0.08783411979675293,2.8691952228546143,637,2,1756654102.660702,1756654105.6177318
3780.0,296.0,0.05514955520629883,3.831280469894409,637,3,1756654105.629332,1756654109.515763
4107.0,295.0,0.11249709129333496,4.006097078323364,637,4,1756654109.6181817,1756654113.7367759
4507.0,300.0,1.6578121185302734,7.7207512855529785,637,5,1756654113.802051,1756654123.180615
3066.0,189.0,0.18398690223693848,2.2985098361968994,657,1,1756654106.6493149,1756654109.131812
3280.0,119.0,0.06003236770629883,1.601926565170288,657,2,1756654109.1942928,1756654110.8562522
3459.0,300.0,0.08047628402709961,4.095251083374023,657,3,1756654110.9422026,1756654115.117931
3798.0,300.0,0.0538790225982666,4.04727578163147,657,4,1756654115.1595662,1756654119.2607214
4144.0,300.0,0.17779827117919922,3.9975745677948,657,5,1756654119.3493643,1756654123.5247376
3064.0,85.0,1.1352019309997559,1.8523447513580322,660,1,1756654107.87068,1756654110.8582275
3163.0,115.0,0.2432870864868164,2.4800667762756348,660,2,1756654110.9441206,1756654113.6674745
3293.0,278.0,0.3404557704925537,3.7133772373199463,660,3,1756654113.7000172,1756654117.7538502
3588.0,248.0,0.09766316413879395,3.221323013305664,660,4,1756654117.8145995,1756654121.1335862
3878.0,201.0,0.07464861869812012,2.886660099029541,660,5,1756654121.1886082,1756654124.1499176
3060.0,65.0,1.2787668704986572,1.590423345565796,669,1,1756654111.557104,1756654114.4262946
3146.0,231.0,0.18241047859191895,3.1073617935180664,669,2,1756654114.5523791,1756654117.8421514
3397.0,110.0,0.08076071739196777,1.5234205722808838,669,3,1756654117.921226,1756654119.5254078
3533.0,151.0,0.09854650497436523,1.9612245559692383,669,4,1756654119.5723903,1756654121.632162
3702.0,171.0,0.08307480812072754,2.4642293453216553,669,5,1756654121.7081816,1756654124.2554862
3066.0,159.0,0.15425896644592285,2.1431164741516113,663,1,1756654109.0939677,1756654111.391343
3247.0,134.0,2.418323516845703,3.498170852661133,663,2,1756654111.45614,1756654117.372635
3408.0,161.0,0.13156986236572266,2.1107676029205322,663,3,1756654117.3995078,1756654119.641846
3588.0,300.0,0.04592633247375488,4.12153434753418,663,4,1756654119.6604304,1756654123.8278918
3950.0,133.0,0.17890501022338867,1.6319212913513184,663,5,1756654123.8587313,1756654125.6695583
3070.0,278.0,0.36247682571411133,6.112858295440674,652,1,1756654104.6075344,1756654111.0828695
3380.0,300.0,0.38045620918273926,4.04132080078125,652,2,1756654111.1529312,1756654115.5747082
3701.0,300.0,0.09017562866210938,3.993142604827881,652,3,1756654115.6723297,1756654119.7556486
4021.0,200.0,0.05953240394592285,2.7784314155578613,652,4,1756654119.7647703,1756654122.6027346
4245.0,244.0,0.05645322799682617,3.1745946407318115,652,5,1756654122.6193793,1756654125.8504276
3180.0,134.0,0.22490668296813965,1.611281394958496,658,1,1756654107.0560617,1756654108.89225
3370.0,177.0,0.04772019386291504,2.388826847076416,658,2,1756654108.9908354,1756654111.4273825
3568.0,207.0,1.2811665534973145,5.215534925460815,658,3,1756654111.4543664,1756654117.9510684
3797.0,300.0,0.14522767066955566,3.965405225753784,658,4,1756654118.0184653,1756654122.1290987
4116.0,300.0,0.08570480346679688,3.9234116077423096,658,5,1756654122.2093244,1756654126.2184412
3088.0,254.0,0.1853046417236328,3.1292858123779297,656,1,1756654106.241468,1756654109.5560591
3376.0,196.0,1.1656537055969238,4.645846605300903,656,2,1756654109.620383,1756654115.4318838
3610.0,205.0,1.1141304969787598,5.065298557281494,656,3,1756654115.4628468,1756654121.6422765
3850.0,299.0,0.11030745506286621,4.036308765411377,656,4,1756654121.7060559,1756654125.8526726
4171.0,87.0,0.08810186386108398,1.180957555770874,656,5,1756654125.884206,1756654127.1532662
3064.0,120.0,0.489274263381958,1.6634457111358643,694,1,1756654121.8049195,1756654123.9576402
3205.0,56.0,0.04101300239562988,0.679053544998169,694,2,1756654124.0547862,1756654124.7748542
3275.0,65.0,0.05351901054382324,0.8018789291381836,694,3,1756654124.970227,1756654125.8256257
3357.0,61.0,0.09639477729797363,0.804680585861206,694,4,1756654125.8901658,1756654126.7912416
3476.0,52.0,0.06697511672973633,0.6909658908843994,694,5,1756654126.8052185,1756654127.5631602
3127.0,53.0,0.17560529708862305,0.7358758449554443,692,1,1756654120.98564,1756654121.8971224
3191.0,22.0,1.0185863971710205,0.5576431751251221,692,2,1756654121.9038918,1756654123.4801219
3223.0,20.0,2.3244969844818115,0.5081789493560791,692,3,1756654123.551343,1756654126.3840191
3258.0,23.0,0.08548974990844727,0.2931787967681885,692,4,1756654126.3990712,1756654126.7777402
3298.0,30.0,0.06547331809997559,0.3872706890106201,692,5,1756654127.3206112,1756654127.7733557
3066.0,280.0,0.16661834716796875,3.7396626472473145,661,1,1756654108.2794373,1756654112.1857188
3379.0,300.0,0.03951597213745117,4.081048488616943,661,2,1756654112.2732322,1756654116.3937974
3717.0,288.0,0.04523730278015137,3.8221588134765625,661,3,1756654116.4876664,1756654120.3550632
4024.0,244.0,0.04113364219665527,3.3964195251464844,661,4,1756654120.3740966,1756654123.8116503
4292.0,300.0,0.09718990325927734,3.8827598094940186,661,5,1756654123.8565366,1756654127.8364868
3062.0,182.0,0.29591917991638184,2.4758799076080322,668,1,1756654111.1540926,1756654113.925892
3385.0,222.0,0.0669240951538086,2.952718734741211,668,2,1756654114.0089076,1756654117.0285504
3627.0,114.0,0.9215672016143799,2.3653974533081055,668,3,1756654117.0994978,1756654120.386463
3757.0,236.0,0.05730557441711426,3.2969465255737305,668,4,1756654120.4733334,1756654123.827586
4357.0,300.0,0.13559460639953613,3.861706495285034,668,5,1756654123.8608768,1756654127.8581784
3101.0,142.0,0.28256845474243164,1.8760888576507568,667,1,1756654110.7368681,1756654112.8955262
3265.0,200.0,0.044347524642944336,2.7369637489318848,667,2,1756654112.98742,1756654115.768732
3481.0,121.0,0.0619959831237793,1.5919876098632812,667,3,1756654115.7704513,1756654117.4244354
3619.0,166.0,1.1197571754455566,4.001896381378174,667,4,1756654117.51119,1756654122.632844
3802.0,234.0,0.6792995929718018,4.728162527084351,667,5,1756654122.7256238,1756654128.1330864
3060.0,104.0,2.5524942874908447,2.611447811126709,659,1,1756654107.456629,1756654112.6205719
3184.0,221.0,0.5073199272155762,4.669780254364014,659,2,1756654112.6826186,1756654117.8597188
3427.0,300.0,0.2331678867340088,3.9619498252868652,659,3,1756654117.919404,1756654122.1145227
3749.0,300.0,0.08478951454162598,3.9216606616973877,659,4,1756654122.2117429,1756654126.2181942
4077.0,132.0,0.08531880378723145,1.7794930934906006,659,5,1756654126.2870371,1756654128.1518495
3067.0,142.0,0.22984910011291504,1.8885023593902588,674,1,1756654113.6010194,1756654115.719372
3239.0,300.0,0.06548619270324707,3.9611668586730957,674,2,1756654115.772351,1756654119.7990053
3551.0,94.0,0.08457350730895996,1.204777717590332,674,3,1756654119.8622627,1756654121.151615
3705.0,107.0,0.9782636165618896,3.119330406188965,674,4,1756654121.1934428,1756654125.291037
3841.0,214.0,0.04905295372009277,2.8001372814178467,674,5,1756654125.3723018,1756654128.2214925
3060.0,300.0,0.23602771759033203,3.8561642169952393,639,1,1756654099.2891104,1756654103.3813024
3372.0,286.0,2.4465279579162598,6.892148017883301,639,2,1756654103.4756677,1756654112.8143442
3673.0,289.0,0.07187938690185547,3.9174280166625977,639,3,1756654112.8841565,1756654116.8734639
3977.0,285.0,0.06968212127685547,3.7738420963287354,639,4,1756654116.891829,1756654120.7353542
4278.0,300.0,1.26068115234375,6.298518419265747,639,5,1756654120.7807148,1756654128.339915
3084.0,154.0,0.247239351272583,2.1376211643218994,680,1,1756654116.080882,1756654118.4657426
3258.0,115.0,0.051276445388793945,1.4192306995391846,680,2,1756654118.525279,1756654119.995787
3393.0,163.0,0.054480791091918945,2.2717692852020264,680,3,1756654120.0692775,1756654122.395528
3591.0,182.0,0.08136820793151855,2.41117787361145,680,4,1756654122.4135091,1756654124.906056
3798.0,257.0,0.06744122505187988,3.3249893188476562,680,5,1756654124.9676664,1756654128.360098
3096.0,102.0,0.1690363883972168,1.3025150299072266,689,1,1756654119.7669024,1756654121.2384539
3220.0,133.0,0.07375335693359375,1.9879798889160156,689,2,1756654121.29251,1756654123.3542438
3370.0,25.0,0.673337459564209,0.8647346496582031,689,3,1756654123.4439218,1756654124.9819944
3410.0,77.0,0.07087445259094238,0.9539170265197754,689,4,1756654125.075148,1756654126.0999396
3516.0,247.0,0.050113677978515625,3.294468879699707,689,5,1756654126.1872094,1756654129.5317924
3105.0,51.0,0.7151145935058594,1.0381131172180176,701,1,1756654124.6643705,1756654126.4175987
3174.0,17.0,0.33470749855041504,0.22884416580200195,701,2,1756654126.5021822,1756654127.065734
3220.0,19.0,0.23610162734985352,0.22128510475158691,701,3,1756654127.423402,1756654127.8807893
3290.0,51.0,0.055251359939575195,0.6166934967041016,701,4,1756654128.3487692,1756654129.0207145
3384.0,57.0,0.05336403846740723,0.6631147861480713,701,5,1756654129.267598,1756654129.9840772
3078.0,174.0,0.2738192081451416,2.174633026123047,685,1,1756654118.1196482,1756654120.568101
3443.0,267.0,0.07559490203857422,3.8513591289520264,685,2,1756654120.5782242,1756654124.5051787
3734.0,97.0,0.0697786808013916,1.1797847747802734,685,3,1756654124.5670187,1756654125.8165822
3885.0,223.0,0.10071516036987305,2.9040379524230957,685,4,1756654125.8867006,1756654128.8914542
4134.0,79.0,0.08343982696533203,0.9476969242095947,685,5,1756654128.969399,1756654130.000537
3062.0,9.0,2.1160740852355957,0.2024986743927002,688,1,1756654119.3518844,1756654121.6704578
3092.0,61.0,0.673234224319458,1.313511610031128,688,2,1756654121.7131302,1756654123.6998765
3174.0,85.0,0.19906353950500488,1.059462070465088,688,3,1756654123.7535532,1756654125.0120788
3280.0,144.0,0.07247734069824219,1.8642573356628418,688,4,1756654125.0728302,1756654127.0095654
3444.0,127.0,0.16824865341186523,2.8541626930236816,688,5,1756654127.013568,1756654130.03598
3089.0,3.0,0.23488259315490723,0.010259628295898438,700,1,1756654124.2603247,1756654124.5054674
3122.0,14.0,0.053658485412597656,0.1634812355041504,700,2,1756654125.16931,1756654125.3864508
3657.0,9.0,0.07856202125549316,0.0983278751373291,700,3,1756654126.0848835,1756654126.261774
3690.0,204.0,0.1691877841949463,2.517641544342041,700,4,1756654127.0177298,1756654129.7045598
3930.0,20.0,0.0691673755645752,0.2566709518432617,700,5,1756654129.7872562,1756654130.1130953
3064.0,300.0,0.24605202674865723,4.0332231521606445,666,1,1756654110.3320413,1756654114.6113164
3385.0,265.0,0.08487391471862793,3.651395559310913,666,2,1756654114.648412,1756654118.3846822
3674.0,300.0,0.05140280723571777,3.9771616458892822,666,3,1756654118.4240317,1756654122.4525967
3999.0,300.0,0.06082344055175781,3.9151370525360107,666,4,1756654122.5122547,1756654126.488216
4317.0,300.0,0.051587820053100586,3.7914814949035645,666,5,1756654126.499627,1756654130.342697
3186.0,281.0,0.20191168785095215,3.6521310806274414,684,1,1756654117.7168288,1756654121.570872
3502.0,50.0,0.06374645233154297,0.7845804691314697,684,2,1756654121.6044638,1756654122.4527912
3615.0,300.0,0.07084274291992188,3.9220058917999268,684,3,1756654122.5144963,1756654126.5073454
3963.0,114.0,0.05962681770324707,1.5139775276184082,684,4,1756654126.604027,1756654128.1776323
4141.0,193.0,0.04278159141540527,2.371670722961426,684,5,1756654128.2463303,1756654130.6607842
3068.0,300.0,0.279984712600708,3.8803465366363525,695,1,1756654122.2137537,1756654126.3740857
3379.0,26.0,0.08552932739257812,0.3350794315338135,695,2,1756654126.4011948,1756654126.821804
3421.0,32.0,0.6838209629058838,0.910468339920044,695,3,1756654127.3229916,1756654128.9172816
3473.0,66.0,0.08442807197570801,0.7765679359436035,695,4,1756654128.971767,1756654129.8327634
3559.0,60.0,0.059934377670288086,0.7466304302215576,695,5,1756654129.886984,1756654130.6935494
3103.0,300.0,2.430351734161377,6.959086656570435,654,1,1756654105.4316423,1756654114.8210807
3429.0,249.0,0.3451838493347168,3.390993595123291,654,2,1756654114.8545263,1756654118.5907042
3689.0,23.0,0.07060408592224121,0.26815009117126465,654,3,1756654118.6319923,1756654118.9707472
3730.0,300.0,0.07452821731567383,4.118287086486816,654,4,1756654119.5657218,1756654123.7585375
4054.0,284.0,0.9591922760009766,6.18310809135437,654,5,1756654123.8539946,1756654130.996296
3068.0,229.0,0.24318790435791016,3.198918104171753,693,1,1756654121.3938022,1756654124.835909
3308.0,102.0,0.04763603210449219,1.2591257095336914,693,2,1756654124.869079,1756654126.1758418
3429.0,130.0,0.05805611610412598,1.7398006916046143,693,3,1756654126.1896489,1756654127.9875064
3577.0,194.0,0.06731939315795898,2.357023000717163,693,4,1756654128.0374117,1756654130.4617548
3791.0,69.0,0.0767354965209961,0.7654011249542236,693,5,1756654130.501829,1756654131.343966
3081.0,130.0,0.5471889972686768,2.7222917079925537,686,1,1756654118.5268219,1756654121.7963035
3441.0,20.0,0.280315637588501,0.28377246856689453,686,2,1756654121.803478,1756654122.3675666
3713.0,300.0,0.8555433750152588,6.314469575881958,686,3,1756654122.7280326,1756654129.898046
4025.0,14.0,0.10428619384765625,0.17081165313720703,686,4,1756654129.9898746,1756654130.2649732
4117.0,80.0,0.057115793228149414,0.8545830249786377,686,5,1756654130.911379,1756654131.8230784
3056.0,9.0,0.24471735954284668,0.09859848022460938,682,1,1756654116.9007435,1756654117.2440593
3086.0,194.0,0.811826229095459,4.237283706665039,682,2,1756654117.8166728,1756654122.8657832
3301.0,177.0,0.1593623161315918,2.2349588871002197,682,3,1756654122.9271922,1756654125.3215134
3912.0,265.0,0.09001684188842773,3.4111745357513428,682,4,1756654125.374768,1756654128.87596
4499.0,300.0,0.07623720169067383,3.5051584243774414,682,5,1756654128.966783,1756654132.5481787
3068.0,300.0,0.4184689521789551,3.8906795978546143,675,1,1756654114.0101488,1756654118.3192973
3391.0,300.0,0.07632637023925781,3.9704811573028564,675,2,1756654118.322137,1756654122.3689456
3831.0,290.0,0.08453845977783203,3.755653142929077,675,3,1756654122.4116347,1756654126.251827
4163.0,300.0,0.0817863941192627,3.850700616836548,675,4,1756654126.289704,1756654130.2221916
4513.0,260.0,0.05583381652832031,2.973203182220459,675,5,1756654130.2979267,1756654133.3269637
3297.0,87.0,0.20183539390563965,1.2131397724151611,683,1,1756654117.298998,1756654118.713974
3529.0,35.0,1.1719846725463867,0.6617956161499023,683,2,1756654118.7360404,1756654120.5698218
3588.0,25.0,0.0796046257019043,0.2948577404022217,683,3,1756654120.576425,1756654120.9508882
3637.0,244.0,1.6135146617889404,6.742196083068848,683,4,1756654121.493011,1756654129.8487225
3921.0,300.0,0.047695159912109375,3.49536395072937,683,5,1756654129.8839867,1756654133.4270463
3091.0,300.0,0.17305231094360352,3.844980478286743,699,1,1756654123.8630044,1756654127.8810382
3431.0,18.0,0.0549771785736084,0.22446155548095703,699,2,1756654127.9308898,1756654128.2103293
3480.0,20.0,0.04436826705932617,0.22824883460998535,699,3,1756654128.8642626,1756654129.1368802
3523.0,269.0,0.059958696365356445,3.1287848949432373,699,4,1756654129.785035,1756654132.973779
3835.0,28.0,0.07456088066101074,0.332822322845459,699,5,1756654133.0498729,1756654133.4572566
3253.0,279.0,0.17671847343444824,3.7424206733703613,687,1,1756654118.9382796,1756654122.8574193
3553.0,67.0,0.843010663986206,2.1046974658966064,687,2,1756654122.9292836,1756654125.8769922
3633.0,192.0,0.08321762084960938,2.52559757232666,687,3,1756654125.8886359,1756654128.4974515
3889.0,164.0,0.4849576950073242,3.4720895290374756,687,4,1756654128.558891,1756654132.5159388
4502.0,231.0,0.0740971565246582,2.825655937194824,687,5,1756654132.537914,1756654135.4376671
3068.0,300.0,0.8488287925720215,6.383311986923218,676,1,1756654114.4668436,1756654121.6989856
3421.0,283.0,0.24249005317687988,3.788231611251831,676,2,1756654121.7119496,1756654125.742672
3748.0,281.0,0.04385066032409668,3.708467721939087,676,3,1756654125.7791586,1756654129.5314777
4124.0,259.0,0.0604097843170166,3.0166752338409424,676,4,1756654129.5729368,1756654132.6500218
4410.0,234.0,0.0512387752532959,2.8996388912200928,676,5,1756654132.7431912,1756654135.6940699
3136.0,171.0,0.25995659828186035,2.3391077518463135,681,1,1756654116.4895127,1756654119.0885777
3333.0,146.0,0.043595314025878906,1.8117725849151611,681,2,1756654119.145613,1756654121.0009813
3499.0,235.0,0.07479357719421387,3.359626531600952,681,3,1756654121.088975,1756654124.5233958
3755.0,300.0,0.05799126625061035,3.844118118286133,681,4,1756654124.5647316,1756654128.4668417
4077.0,300.0,1.009922742843628,6.317978143692017,681,5,1756654128.5563667,1756654135.8842683
3068.0,77.0,0.17637205123901367,0.9922511577606201,690,1,1756654120.170073,1756654121.338698
3176.0,134.0,0.04594850540161133,2.003281354904175,690,2,1756654121.392245,1756654123.4414756
3322.0,90.0,1.1163341999053955,2.3658437728881836,690,3,1756654123.44597,1756654126.9281487
3440.0,243.0,0.10233068466186523,3.0382533073425293,690,4,1756654127.0159028,1756654130.1564872
3712.0,226.0,0.8612620830535889,4.743964433670044,690,5,1756654130.1969938,1756654135.8022208
3063.0,135.0,0.16577672958374023,1.6199471950531006,709,1,1756654127.9417007,1756654129.7274249
3210.0,89.0,0.06837677955627441,1.0962390899658203,709,2,1756654129.7895885,1756654130.954205
3313.0,19.0,0.03938698768615723,0.20082592964172363,709,3,1756654131.0142796,1756654131.2544932
3353.0,108.0,0.05134773254394531,1.2557969093322754,709,4,1756654131.9317977,1756654133.2389429
3484.0,252.0,0.060172319412231445,3.197932004928589,709,5,1756654133.2502134,1756654136.5083182
3219.0,114.0,0.22930073738098145,1.5611705780029297,673,1,1756654113.190941,1756654114.9814138
3590.0,226.0,0.9065027236938477,5.726535081863403,673,2,1756654115.0656843,1756654121.6987228
3978.0,113.0,0.1608421802520752,1.6631348133087158,673,3,1756654121.7104113,1756654123.5343888
4131.0,99.0,1.5110621452331543,2.436699151992798,673,4,1756654123.5492344,1756654127.4969962
4433.0,300.0,1.9588406085968018,7.176858425140381,673,5,1756654127.5243807,1756654136.6600802
3067.0,300.0,0.20983672142028809,4.052849292755127,678,1,1756654115.263041,1756654119.5257275
3395.0,254.0,1.2356235980987549,5.430493354797363,678,2,1756654119.5742035,1756654126.240321
3670.0,19.0,0.09994077682495117,0.25818347930908203,678,3,1756654126.2949288,1756654126.6530538
3708.0,280.0,0.06117367744445801,3.4625940322875977,678,4,1756654127.2136114,1756654130.7373796
4012.0,277.0,0.30115222930908203,5.7867865562438965,678,5,1756654130.8107393,1756654136.898678
3074.0,300.0,0.6556274890899658,6.403213262557983,679,1,1756654115.6753938,1756654122.7342348
3390.0,300.0,0.24480128288269043,3.8603250980377197,679,2,1756654122.823314,1756654126.9284408
3717.0,273.0,0.10550594329833984,3.4103481769561768,679,3,1756654127.0112164,1756654130.5270712
4010.0,69.0,0.042659759521484375,0.7628536224365234,679,4,1756654130.604276,1756654131.4097903
4096.0,145.0,1.9023735523223877,3.4595725536346436,679,5,1756654131.5220027,1756654136.8839493
3065.0,281.0,0.19954586029052734,3.843778371810913,665,1,1756654109.9258783,1756654113.969203
3365.0,300.0,0.7798500061035156,6.4540557861328125,665,2,1756654114.0075538,1756654121.2414596
3684.0,300.0,0.060097694396972656,4.115321397781372,665,3,1756654121.2902832,1756654125.465703
4003.0,300.0,1.2434282302856445,7.300302743911743,665,4,1756654125.4738145,1756654134.0175457
4323.0,300.0,0.05665016174316406,3.7713046073913574,665,5,1756654134.0714428,1756654137.899398
3097.0,25.0,0.14855694770812988,0.3114461898803711,726,1,1756654134.8754795,1756654135.3354826
3181.0,3.0,0.055440425872802734,0.02398681640625,726,2,1756654135.7871838,1756654135.8666115
3333.0,3.0,0.05608677864074707,0.024277448654174805,726,3,1756654136.7176769,1756654136.7980416
3563.0,3.0,0.6732254028320312,0.041063547134399414,726,4,1756654137.6389165,1756654138.3532062
3765.0,3.0,0.05176711082458496,0.03609776496887207,726,5,1756654138.559388,1756654138.6472533
3062.0,217.0,0.14564037322998047,2.592467784881592,719,1,1756654132.0323355,1756654134.7704444
3294.0,14.0,1.0038650035858154,0.257800817489624,719,2,1756654134.7792244,1756654136.0408907
3333.0,26.0,0.16120219230651855,0.2854769229888916,719,3,1756654136.105279,1756654136.5519586
3372.0,37.0,0.21710443496704102,0.5365195274353027,719,4,1756654137.0341992,1756654137.7878232
3426.0,53.0,0.042426109313964844,0.712907075881958,719,5,1756654137.9483817,1756654138.7037148
3072.0,300.0,0.2844712734222412,3.8846867084503174,696,1,1756654122.621783,1756654126.7909412
3396.0,272.0,0.06671524047851562,3.413188934326172,696,2,1756654126.807638,1756654130.2875428
3685.0,227.0,0.06697607040405273,2.594930410385132,696,3,1756654130.3005686,1756654132.9624758
3931.0,234.0,0.06702375411987305,2.9308886528015137,696,4,1756654133.0473373,1756654136.0452516
4184.0,227.0,0.09412980079650879,2.901641607284546,696,5,1756654136.1012928,1756654139.0970647
3310.0,3.0,0.2905614376068115,0.021190404891967773,727,1,1756654135.2825418,1756654135.594294
3409.0,3.0,0.06359648704528809,0.025513887405395508,727,2,1756654136.2018287,1756654136.2909396
3566.0,3.0,0.07578158378601074,0.025851011276245117,727,3,1756654137.1336207,1756654137.235254
3689.0,3.0,0.15671277046203613,0.02941155433654785,727,4,1756654138.053994,1756654138.2401187
3921.0,3.0,0.11875438690185547,0.05062413215637207,727,5,1756654138.9751883,1756654139.1445673
3071.0,42.0,0.5011899471282959,0.8229553699493408,707,1,1756654127.1142852,1756654128.4384313
3136.0,300.0,0.18278050422668457,3.493861198425293,707,2,1756654128.4528189,1756654132.129461
3460.0,124.0,0.04788708686828613,1.4707667827606201,707,3,1756654132.132624,1756654133.651278
3642.0,173.0,0.05547285079956055,2.178844690322876,707,4,1756654133.667495,1756654135.9018128
3971.0,300.0,0.07418465614318848,3.8877623081207275,707,5,1756654136.0003288,1756654139.9622765
3070.0,147.0,1.8076603412628174,3.789886474609375,713,1,1756654129.5752847,1756654135.1728315
3238.0,17.0,0.18231892585754395,0.24035334587097168,713,2,1756654135.182056,1756654135.6047285
3272.0,26.0,0.08916997909545898,0.32950377464294434,713,3,1756654136.103756,1756654136.5224302
3315.0,164.0,0.05883908271789551,2.184812068939209,713,4,1756654137.0320253,1756654139.2756767
3492.0,54.0,1.0045766830444336,1.07942533493042,713,5,1756654139.2856903,1756654141.3696933
3059.0,174.0,0.2138195037841797,1.9643359184265137,714,1,1756654129.9921138,1756654132.17027
3249.0,172.0,0.05127882957458496,2.0586190223693848,714,2,1756654132.2354517,1756654134.3453505
3438.0,149.0,0.1695570945739746,1.9403235912322998,714,3,1756654134.3728585,1756654136.4827397
3616.0,178.0,0.0622406005859375,2.2307777404785156,714,4,1756654136.5124476,1756654138.8054662
3811.0,187.0,0.06554341316223145,2.4501430988311768,714,5,1756654138.8739307,1756654141.3896189
3118.0,152.0,0.1802515983581543,1.944375991821289,706,1,1756654126.7047005,1756654128.8293285
3313.0,153.0,0.0537114143371582,1.861337661743164,706,2,1756654128.8662224,1756654130.7812722
3499.0,155.0,1.851682424545288,3.3162076473236084,706,3,1756654130.813296,1756654135.9811862
3679.0,249.0,0.07943987846374512,3.2517764568328857,706,4,1756654135.9981213,1756654139.3293378
3952.0,171.0,0.13773465156555176,2.154707431793213,706,5,1756654139.38644,1756654141.6788826
3100.0,39.0,1.142953872680664,0.7765183448791504,702,1,1756654125.077126,1756654126.9965987
3207.0,252.0,0.16619014739990234,3.127917766571045,702,2,1756654127.0197062,1756654130.3138149
3533.0,300.0,0.06162619590759277,3.4803123474121094,702,3,1756654130.4011874,1756654133.9431264
3868.0,300.0,0.04618382453918457,3.763279676437378,702,4,1756654133.9720042,1756654137.7814684
4262.0,300.0,0.06301474571228027,3.9156787395477295,702,5,1756654137.843613,1756654141.8223069
3114.0,154.0,0.15024042129516602,1.8480603694915771,712,1,1756654129.168434,1756654131.1667352
3304.0,117.0,0.051114559173583984,1.3003411293029785,712,2,1756654131.21781,1756654132.5692656
3501.0,168.0,0.04606485366821289,2.008859395980835,712,3,1756654132.640874,1756654134.6957989
3736.0,185.0,0.5678601264953613,3.72282338142395,712,4,1756654134.7747412,1756654139.0654254
4017.0,241.0,0.21906280517578125,2.9773316383361816,712,5,1756654139.0744267,1756654142.2708213
3112.0,56.0,0.17160820960998535,0.6900568008422852,725,1,1756654134.4736757,1756654135.3353407
3210.0,80.0,1.693476676940918,1.834280252456665,725,2,1756654135.3817189,1756654138.9094763
3316.0,55.0,0.14039254188537598,0.7188980579376221,725,3,1756654138.9736485,1756654139.83294
3385.0,21.0,0.06052231788635254,0.23766064643859863,725,4,1756654139.900409,1756654140.1985924
3428.0,25.0,1.0699079036712646,0.4869964122772217,725,5,1756654140.8326194,1756654142.389524
3112.0,300.0,0.5997786521911621,6.305542945861816,691,1,1756654120.5794992,1756654127.4848216
3444.0,199.0,0.9943208694458008,4.905710935592651,691,2,1756654127.5267563,1756654133.4267883
3658.0,262.0,0.1737372875213623,3.2786028385162354,691,3,1756654133.4632375,1756654136.9155777
3939.0,163.0,0.06055283546447754,2.1235806941986084,691,4,1756654136.9295235,1756654139.1136577
4116.0,182.0,0.5931699275970459,4.1845972537994385,691,5,1756654139.1837008,1756654143.961468
3076.0,300.0,0.2778594493865967,3.878382921218872,697,1,1756654123.0358515,1756654127.1920946
3406.0,300.0,1.4605827331542969,6.405346870422363,697,2,1756654127.215788,1756654135.0817182
3739.0,300.0,0.06428074836730957,3.955554246902466,697,3,1756654135.1802132,1756654139.2000487
4062.0,290.0,0.320662260055542,4.9030845165252686,697,4,1756654139.2828858,1756654144.5066326
3073.0,257.0,1.533247947692871,6.449342966079712,698,1,1756654123.4475613,1756654131.430153
3355.0,194.0,1.90059494972229,4.581319093704224,698,2,1756654131.525041,1756654138.0069559
3572.0,197.0,0.15955758094787598,2.5948822498321533,698,3,1756654138.0477424,1756654140.8021822
3797.0,252.0,0.3198840618133545,2.7853622436523438,698,4,1756654140.8278897,1756654143.9331365
3078.0,300.0,2.0956828594207764,7.671787977218628,703,1,1756654125.4759173,1756654135.243389
3413.0,78.0,0.17241907119750977,1.0090093612670898,703,2,1756654135.2810903,1756654136.4625194
3582.0,272.0,0.051360368728637695,3.5223567485809326,703,3,1756654136.5104275,1756654140.0841453
3874.0,300.0,0.054062604904174805,3.4945971965789795,703,4,1756654140.1176438,1756654143.6663055
3150.0,269.0,0.9442694187164307,5.700025320053101,704,1,1756654125.8920236,1756654132.5363188
3472.0,300.0,0.13939976692199707,6.115182161331177,704,2,1756654132.540567,1756654138.795149
3800.0,272.0,0.24085497856140137,3.424891948699951,704,3,1756654138.8721287,1756654142.5378761
4132.0,231.0,0.04617166519165039,2.1368978023529053,704,4,1756654142.55856,1756654144.7416303
3097.0,300.0,0.22262907028198242,3.7966907024383545,705,1,1756654126.296624,1756654130.3159447
3417.0,214.0,0.07520580291748047,2.4258017539978027,705,2,1756654130.403253,1756654132.9042609
3676.0,300.0,0.05029726028442383,3.7419466972351074,705,3,1756654132.9459074,1756654136.738152
4028.0,267.0,0.0567021369934082,3.480882406234741,705,4,1756654136.8226373,1756654140.3602226
4334.0,300.0,0.06555414199829102,3.411710262298584,705,5,1756654140.4213617,1756654143.898626
3102.0,271.0,1.6575992107391357,6.635280132293701,708,1,1756654127.5280542,1756654135.8209343
3405.0,233.0,0.16566801071166992,2.9481914043426514,708,2,1756654135.8916092,1756654139.005469
3672.0,238.0,0.602142333984375,5.454721927642822,708,3,1756654139.0725346,1756654145.1293993
3062.0,290.0,0.15998005867004395,3.4018895626068115,710,1,1756654128.350959,1756654131.9128299
3369.0,300.0,0.05985450744628906,3.6775219440460205,710,2,1756654131.9340532,1756654135.67143
3686.0,300.0,0.048841238021850586,3.912677049636841,710,3,1756654135.6865463,1756654139.6480653
4001.0,292.0,0.06873941421508789,3.5107874870300293,710,4,1756654139.6945684,1756654143.274096
3071.0,164.0,1.6071827411651611,3.3059439659118652,711,1,1756654128.7637265,1756654133.6768537
3260.0,300.0,0.14977097511291504,3.7465834617614746,711,2,1756654133.770146,1756654137.6665008
3579.0,272.0,0.06655263900756836,3.5690126419067383,711,3,1756654137.7416437,1756654141.3772094
3870.0,300.0,0.06774139404296875,3.0644800662994385,711,4,1756654141.4361746,1756654144.5683968
3078.0,46.0,0.1716020107269287,0.5254645347595215,715,1,1756654130.4047277,1756654131.1017947
3183.0,3.0,0.04915738105773926,0.02154374122619629,715,2,1756654131.3179493,1756654131.388651
3722.0,124.0,0.07768583297729492,1.4692144393920898,715,3,1756654132.2370977,1756654133.7839983
3859.0,14.0,0.05047321319580078,0.1457512378692627,715,4,1756654133.8698287,1756654134.0660534
3995.0,300.0,1.962517499923706,6.054890871047974,715,5,1756654134.7769632,1756654142.794372
3105.0,245.0,0.15222406387329102,2.793256998062134,716,1,1756654130.8149989,1756654133.7604804
3364.0,132.0,1.215097188949585,2.6930623054504395,716,2,1756654133.7717857,1756654137.679947
3510.0,300.0,0.07880830764770508,3.9245970249176025,716,3,1756654137.7435815,1756654141.7469873
3827.0,300.0,0.06819772720336914,2.920609474182129,716,4,1756654141.8458877,1756654144.8346956
3066.0,278.0,0.7972593307495117,6.732975482940674,717,1,1756654131.2195625,1756654138.749798
3366.0,300.0,0.4705057144165039,5.260199069976807,717,2,1756654138.7693899,1756654144.500095
3057.0,69.0,0.14305329322814941,0.7766318321228027,718,1,1756654131.6281784,1756654132.5478637
3149.0,121.0,1.262955904006958,2.628283739089966,718,2,1756654132.643085,1756654136.5343254
3292.0,116.0,0.04403495788574219,1.4130573272705078,718,3,1756654136.6105652,1756654138.0676575
3432.0,124.0,0.0678565502166748,1.6876354217529297,718,4,1756654138.1559086,1756654139.911401
3588.0,213.0,0.04783272743225098,2.619467258453369,718,5,1756654140.0074978,1756654142.6747983
3103.0,217.0,0.14394474029541016,2.588024854660034,720,1,1756654132.437068,1756654135.1690376
3333.0,115.0,0.08765244483947754,1.504716396331787,720,2,1756654135.1832714,1756654136.7756412
3475.0,300.0,0.05335426330566406,3.884399175643921,720,3,1756654136.8247972,1756654140.7625506
3861.0,300.0,0.30318260192871094,3.0438458919525146,720,4,1756654140.8300104,1756654144.1770394
3067.0,300.0,0.15275144577026367,3.7409446239471436,721,1,1756654132.8446982,1756654136.738395
3380.0,300.0,1.1811232566833496,7.079496145248413,721,2,1756654136.8263366,1756654145.0869565
3065.0,171.0,0.1655416488647461,2.155585527420044,722,1,1756654133.2527268,1756654135.5738544
3255.0,159.0,0.039096832275390625,1.9735605716705322,722,2,1756654135.5876849,1756654137.6003428
3432.0,140.0,0.05009055137634277,1.914783239364624,722,3,1756654137.6369905,1756654139.601865
3592.0,175.0,0.05547618865966797,2.1815638542175293,722,4,1756654139.6974385,1756654141.934479
3780.0,212.0,3.183583974838257,3.0863258838653564,722,5,1756654141.9463162,1756654148.216226
3749.0,132.0,2.2935712337493896,2.984225273132324,723,1,1756654133.6697419,1756654138.9475389
3898.0,181.0,0.24454569816589355,2.269836664199829,723,2,1756654138.9720438,1756654141.4864266
4098.0,140.0,0.5057172775268555,3.067995548248291,723,3,1756654141.5366242,1756654145.110337
3075.0,221.0,0.1697077751159668,2.795463800430298,724,1,1756654134.0739336,1756654137.0391052
3347.0,254.0,0.06483054161071777,3.3063387870788574,724,2,1756654137.131816,1756654140.5029867
3620.0,243.0,0.05357027053833008,2.8592143058776855,724,3,1756654140.5266752,1756654143.4394603
3068.0,187.0,0.15208053588867188,2.313314437866211,728,1,1756654135.6883967,1756654138.1537921
3297.0,229.0,1.0413439273834229,5.3724894523620605,728,2,1756654138.2559671,1756654144.669801
3067.0,143.0,0.16998004913330078,1.7050955295562744,729,1,1756654136.1069217,1756654137.981998
3260.0,214.0,0.8538343906402588,4.260596990585327,729,2,1756654138.0569932,1756654143.171425
3080.0,113.0,0.7358100414276123,2.2711215019226074,730,1,1756654136.514325,1756654139.5212567
3204.0,221.0,0.814795732498169,4.868337392807007,730,2,1756654139.5954568,1756654145.2785907
3092.0,18.0,0.160888671875,0.1991274356842041,731,1,1756654136.9317858,1756654137.2918022
3121.0,52.0,0.06274676322937012,0.6811816692352295,731,2,1756654137.8460233,1756654138.5899522
3185.0,36.0,0.7824223041534424,0.7382943630218506,731,3,1756654138.770913,1756654140.2916305
3265.0,181.0,0.050237178802490234,2.226349115371704,731,4,1756654140.3181386,1756654142.594725
3284.0,113.0,0.1596362590789795,1.4224772453308105,732,1,1756654137.3379142,1756654138.9200277
3415.0,74.0,0.11444449424743652,0.9807024002075195,732,2,1756654138.9772031,1756654140.072351
3641.0,150.0,0.9606437683105469,2.500526189804077,732,3,1756654140.1198337,1756654143.5810044
3060.0,11.0,0.9195427894592285,0.22300982475280762,733,1,1756654137.746384,1756654138.888937
3083.0,9.0,0.3144710063934326,0.22342658042907715,733,2,1756654138.9784026,1756654139.516301
3106.0,49.0,0.06111645698547363,0.5888614654541016,733,3,1756654139.9027054,1756654140.5526836
3170.0,51.0,0.30949950218200684,0.6246368885040283,733,4,1756654140.8345973,1756654141.7687342
3234.0,81.0,0.9138278961181641,1.0660698413848877,733,5,1756654141.8481348,1756654143.828033
3510.0,78.0,0.2593238353729248,1.111644983291626,734,1,1756654138.1590314,1756654139.5300004
3609.0,84.0,2.320150136947632,1.8357207775115967,734,2,1756654139.5970678,1756654143.7529407
3122.0,86.0,0.21250414848327637,1.1772191524505615,735,1,1756654138.5617566,1756654139.9514804
3233.0,249.0,0.05645442008972168,3.0132079124450684,735,2,1756654140.0099788,1756654143.0796428
3066.0,50.0,0.6345460414886475,1.515761137008667,736,1,1756654138.9797254,1756654141.1300344
3149.0,66.0,0.19725823402404785,0.7947211265563965,736,2,1756654141.2312138,1756654142.2231936
3262.0,81.0,0.04526042938232422,0.9025270938873291,736,3,1756654142.2540379,1756654143.2018268
3069.0,59.0,0.24525785446166992,0.7262663841247559,737,1,1756654139.3888905,1756654140.3604152
3190.0,288.0,0.06742477416992188,3.2950356006622314,737,2,1756654140.4239562,1756654143.7864165
3137.0,300.0,0.14693140983581543,3.539020538330078,738,1,1756654139.8010437,1756654143.4869962
3110.0,138.0,0.1500992774963379,1.7193050384521484,739,1,1756654140.2192874,1756654142.0886922
3268.0,57.0,0.042061567306518555,0.654935359954834,739,2,1756654142.1525,1756654142.8494973
3107.0,300.0,0.172654390335083,3.315214157104492,740,1,1756654140.6291385,1756654144.1170077
3083.0,1.0,0.24648332595825195,0.0020613670349121094,741,1,1756654141.0290933,1756654141.2776384
3126.0,288.0,0.0691683292388916,2.779113292694092,741,2,1756654141.9487393,1756654144.7970214
3069.0,146.0,0.2125842571258545,1.6509044170379639,742,1,1756654141.4383316,1756654143.3018208
3060.0,95.0,0.16409826278686523,1.0748183727264404,743,1,1756654141.8505123,1756654143.089429
3080.0,218.0,0.15566229820251465,2.0940632820129395,744,1,1756654142.2558017,1756654144.5055277
